0;1;3;4;7;8;9;10;11;12;13;14;15;19;20;25;26;32;40;41;42;45;49;51;52;53;54;58;63;66;67;71;72;73;76;78;79;81;82;83;88;90;91;93;94;95;96;97;99
2;5;6;16;17;18;21;22;23;24;27;28;29;30;31;33;34;35;36;37;38;39;43;44;46;47;48;50;55;56;57;59;60;61;62;64;65;68;69;70;74;75;77;80;84;85;86;87;89;92;98;100;101;102;103;104
5;6;16;17;18;21;22;23;24;27;28;30;33;34;35;36;37;38;39;43;44;46;47;48;50;55;56;57;60;61;62;64;65;69;70;74;75;76;77;80;85;86;87;89;92;98;100;101;102;103;104
8;49;82;83;88;90;95
0;1;2;3;4;7;9;10;11;12;13;14;15;19;20;25;26;29;31;32;40;41;42;45;51;52;53;54;58;59;63;66;67;68;71;72;73;78;79;81;84;91;93;94;96;97;99
0;1;2;3;4;7;9;10;11;12;13;14;15;19;20;25;26;29;31;32;40;41;45;51;52;53;54;58;59;63;66;67;68;71;72;73;78;79;81;84;91;93;94;96;97;99
8;49;82;83;88;90;95
5;6;16;17;18;21;23;24;27;28;30;33;34;35;36;37;38;39;42;43;44;46;48;50;55;56;57;60;61;62;64;65;69;70;76;77;80;85;86;87;89;92;98;100;101;102;103;104
22;47;74;75
5;6;16;17;18;21;23;24;27;28;30;33;34;35;36;37;38;39;43;44;46;48;50;55;56;57;60;61;62;64;65;69;70;77;80;86;87;89;92;98;100;101;102;103;104
0;1;4;11;12;14;15;19;20;25;40;41;42;53;63;66;67;76;79;81;85;94;96;99
2;3;7;9;10;13;26;29;31;32;45;51;52;54;58;59;68;71;72;73;78;84;91;93;97
8;49;82;83;88;90;95
22;47;74;75
5;16;17;18;21;23;28;30;33;36;37;38;39;44;46;48;50;56;57;61;64;65;69;70;77;85;86;87;89;92;98;100;101;102;103;104
0;2;3;7;11;13;25;26;29;31;32;45;51;52;54;58;59;63;66;68;71;72;73;78;84;91;97
1;4;9;10;12;14;15;19;20;40;41;42;53;67;76;79;81;93;94;96;99
22;47;74;75
8;49;82;83;88;90;95
6;24;27;34;35;43;55;60;62;80
6;24;27;34;35;43;55;60;62;80
5;16;17;21;23;28;30;33;36;38;39;44;46;48;50;56;57;61;65;69;70;77;85;86;89;92;100;101;102;103;104
8;49;82;83;88;90;95
1;4;12;14;15;19;20;40;41;42;53;67;76;79;81;94;96;99
0;11;25;63;66
2;3;7;9;10;13;18;26;29;31;32;37;45;51;52;54;58;59;64;68;71;72;73;78;84;87;91;93;97;98
22;47;74;75
2;3;7;13;26;29;31;32;45;51;52;54;58;59;68;71;72;73;78;84;91;97
6;24;27;34;35;43;55;60;62;80
5;16;17;21;23;28;30;33;36;38;39;44;46;48;50;56;57;61;69;70;77;85;86;89;92;101;102;103;104
8;49;82;83;88;90;95
22;47;74;75
1;4;9;10;12;14;15;19;20;40;41;53;67;76;79;81;93;94;96;99
0;11;25;63;66
18;37;42;64;65;87;98;100
5;16;17;21;23;28;30;33;36;38;39;44;46;48;50;56;57;61;69;70;77;85;86;89;92;101;102;103;104
2;3;7;26;29;31;32;45;51;52;54;58;59;68;71;84;91;97
22;47;74;75
6;24;27;34;35;43;55;60;62;80
8;49;82;83;88;90;95
0;11;25;63;66
13;72;73;78
1;4;9;10;12;14;15;19;20;40;41;53;67;76;79;81;93;94;96;99
18;37;42;64;65;87;98;100
6;24;27;34;35;43;55;60;62;80
18;37;42;64;65;82;83;87;95;98;100
1;4;12;15;19;20;40;41;53;67;76;79;81;85;94;96;99
14;23;36;44;57;69
8;49;88;90
13;72;73;78
22;47;74;75
2;3;7;9;10;26;29;31;32;45;51;52;54;58;59;68;71;84;91;93;97
5;16;17;21;28;30;33;38;39;46;48;50;56;61;70;77;86;89;92;101;102;103;104
0;11;25;63;66
13;72;73;78
5;16;17;21;28;30;33;38;39;46;48;50;56;61;70;77;85;86;89;92;101;102;103;104
9;10;14;23;36;44;57;69;93
8;49;88
18;37;42;64;65;87;98;100
2;3;7;26;29;31;32;45;51;52;54;58;59;68;71;84;91;97
22;47;74;75
82;83;90;95
0;11;25;63;66
6;24;27;34;35;43;55;60;62;80
1;4;12;15;19;20;40;41;53;67;76;79;81;94;96;99
2;3;7;9;10;26;31;32;45;51;52;54;58;68;71;84;91;93;97
14;23;36;44;57;69
1;4;12;15;19;20;40;41;53;67;76;79;81;94;96;99
0;11;25;63;66
5;16;17;21;28;30;33;38;39;46;48;50;56;61;70;77;85;86;89;92;101;102;103;104
8;49;88
13;72;73;78
22;47;74;75
6;24;27;34;35;43;55;60;62;80
29;59
18;37;42;64;65;87;98;100
82;83;90;95
18;37;64;65;87;98;100
8;49;88
1;4;12;15;19;20;40;41;42;53;67;76;79;81;94;96;99
6;24;27;34;35;43;55;60;62;80
16;17;21;28;30;33;38;39;46;48;56;61;70;77;85;89;92;101;102;103
13;72;73;78
22;47;74;75
2;3;7;26;31;32;45;51;52;54;58;68;71;84;91;97
9;10;14;23;36;44;57;69;93
0;11;25;63;66
5;50;86;104
29;59
82;83;90;95
9;10;14;23;36;44;57;69;93
2;3;7;26;31;32;45;51;52;54;58;68;71;84;91;97
27;34;62
16;17;21;28;30;33;38;39;46;48;56;61;70;77;85;89;92;101;102;103
42;65;76;100
8;49;88
0;11;25;63;66
22;47;74;75
82;83;90;95
13;72;73;78
6;24;35;43;55;60;80
1;4;12;15;19;20;40;41;53;67;79;81;94;96;99
18;37;64;87;98
5;29;50;59;86;104
