baseAlgorithms : ['Kmeans']
repeatBPgen : 1
maxClustSize : 105
Coverage : 30
patType : pat
V : 98
clustPatDF.shape : (39, 98)
Kmin : 3
Kmax : 15
minAppar : 0
maxAppar : 2
Discriminativeness : 10
nbMaxMoreThan1 : 20
nbMaxLessThan1 : 20
nbMaxDiffThan1 : 40
idObj : 9

--- RESULTS ---

times : [0.13, 0.0, 1.36, 0.18, 15.0]
allClust : [[2, 3, 7, 9, 10, 13, 26, 29, 31, 32, 45, 51, 52, 54, 58, 59, 68, 71, 72, 73, 78, 84, 91, 93, 97], [0, 11, 25, 63, 66], [1, 4, 12, 15, 19, 20, 40, 41, 53, 67, 76, 79, 81, 85, 94, 96, 99], [5, 16, 17, 21, 28, 30, 33, 38, 39, 46, 48, 50, 56, 61, 70, 77, 86, 89, 92, 101, 102, 103, 104], [8, 49, 88], [14, 23, 36, 44, 57, 69], [6, 24, 27, 34, 35, 43, 55, 60, 62, 80], [42, 65, 76, 100], [18, 37, 64, 87, 98]]
allClustLen : [25, 5, 17, 23, 3, 6, 10, 4, 5]
descrNames : [[['InstDepth<=3.0', 'HasNestedIfs', 'HasIfInLoop', 'NbReturns<=1.0', 'NbTokens>75.0', 'PassedTestCases', 'NbLines>10.0', 'NbVars<=2.0', 'NbParams>1.0', 'HasWhileLoop', 'HasIfElif']], [['HasIfElifElse', 'userdId_1', 'InstDepth<=3.0', 'HasIfInLoop', 'NbReturns<=1.0', 'NbTokens>75.0', 'NbLines>10.0', 'NbVars<=2.0', 'NbParams>1.0', 'HasWhileLoop']], [['userdId_14', 'HasIfInLoop', 'NbReturns<=1.0', 'NbParams>1.0', 'HasWhileLoop', 'HasIfElse']], [['InstDepth<=3.0', 'HasIfInLoop', 'NbReturns<=1.0', 'NbTokens>75.0', 'NbLines<=10.0', 'NbVars<=2.0', 'NbParams>1.0', 'HasWhileLoop', 'HasIfElif']], [['InstDepth<=3.0', 'HasIfInLoop', 'NbReturns<=1.0', 'userdId_19', 'NbTokens<=75.0', 'NbLines>10.0', 'NbVars<=2.0', 'NbParams>1.0', 'HasWhileLoop']], [['InstDepth<=3.0', 'HasIfInLoop', 'userdId_13', 'NbReturns<=1.0', 'NbTokens>75.0', 'NbLines<=10.0', 'NbVars<=2.0', 'NbParams>1.0', 'HasWhileLoop']], [['HasIfElifElse', 'InstDepth<=3.0', 'HasNestedIfs', 'HasIfInLoop', 'NbReturns<=1.0', 'NbTokens>75.0', 'PassedTestCases', 'NbLines>10.0', 'NbVars>2.0', 'NbParams>1.0', 'HasWhileLoop']], [['HasIfElifElse', 'InstDepth>3.0', 'userdId_18', 'HasIfInLoop', 'NbReturns<=1.0', 'NbTokens>75.0', 'NbLines>10.0', 'NbVars<=2.0', 'NbParams>1.0', 'HasWhileLoop']], [['HasIfElifElse', 'InstDepth>3.0', 'userdId_18', 'HasNestedIfs', 'HasIfInLoop', 'NbReturns<=1.0', 'NbTokens>75.0', 'NbLines>10.0', 'NbVars>2.0', 'NbParams>1.0', 'HasWhileLoop']]]
descrPatIds : [[14, 15, 16], [21, 22], [19, 20], [30, 32], [29, 34], [28], [18], [38], [25]]
descrTagsIds : [['[33, 36, 37, 39, 45, 46, 21, 22, 25, 26, 28, 29, 31]', '[32, 33, 36, 37, 39, 45, 21, 22, 25, 26, 28, 29, 30, 31]', '[32, 33, 37, 39, 8, 45, 21, 22, 25, 26, 28, 29, 30, 31]'], ['[32, 1, 33, 37, 39, 45, 21, 22, 25, 26, 28, 29, 30, 31]', '[32, 1, 33, 37, 39, 44, 21, 22, 25, 26, 28, 29, 30, 31]'], ['[5, 37, 39, 25, 26, 28, 29, 30]', '[32, 33, 2, 37, 39, 22, 25, 26, 28, 29, 30, 31]'], ['[33, 37, 39, 45, 20, 22, 25, 26, 28, 29, 31]', '[33, 37, 39, 11, 44, 20, 22, 25, 26, 28, 29, 31]'], ['[33, 37, 39, 9, 44, 21, 22, 25, 26, 28, 29]', '[33, 37, 39, 9, 44, 21, 23, 25, 26, 28, 29]'], ['[33, 37, 6, 39, 45, 20, 22, 25, 26, 28, 29]'], ['[32, 33, 36, 37, 39, 45, 46, 21, 23, 25, 26, 28, 29, 30, 31]'], ['[32, 34, 3, 37, 39, 45, 21, 22, 25, 26, 28, 29, 30, 31]'], ['[32, 34, 3, 36, 37, 39, 45, 21, 23, 25, 26, 28, 29, 30, 31]']]
nbNotAttrib : 8
nbMultiAttrib : 1
nbOfClusterForEachInstance : [1 1 1 1 1 1 1 1 1 1 1 1 1 1 1 1 1 1 1 1 1 1 0 1 1 1 1 1 1 1 1 1 1 1 1 1 1
 1 1 1 1 1 1 1 1 1 1 0 1 1 1 1 1 1 1 1 1 1 1 1 1 1 1 1 1 1 1 1 1 1 1 1 1 1
 0 0 2 1 1 1 1 1 0 0 1 1 1 1 1 1 0 1 1 1 1 0 1 1 1 1 1 1 1 1 1]
---- : ----
PCRs : [(0.35, 0.02), (0.5, 0.1), (0.38, 0.03), (0.3, 0.0), (0.5, 0.17), (0.33, 0.0), (0.4, 0.0), (0.5, 0.0), (1.0, 0.0)]
DCs : [0.8, 1.0, 0.76, 0.61, 1.0, 0.33, 0.4, 0.5, 1.0]
IPSs : [(0.98, 0.02), (0.99, 0.01), (1.0, 0.0), (1.0, 0.0), (1.0, 0.0), (1.0, 0.0), (1.0, 0.0), (1.0, 0.0), (0.96, 0.0)]
SINGs : [(0.88, 0.0), (0.88, 0.0), (0.88, 0.0), (0.88, 0.0), (1.0, 0.0), (0.88, 0.0), (0.88, 0.0), (0.88, 0.0), (0.88, 0.0)]
IPCs : [(0.99, 0.01), (1.0, 0.01), (1.0, 0.0), (1.0, 0.0), (1.0, 0.0), (1.0, 0.0), (1.0, 0.0), (1.0, 0.0), (1.0, 0.0)]
patPCRs : [[0.32, 0.36, 0.36], [0.6, 0.4], [0.35294117647058826, 0.4117647058823529], [0.30434782608695654, 0.30434782608695654], [0.6666666666666666, 0.3333333333333333], [0.3333333333333333], [0.4], [0.5], [1.0]]
patDCs : []
patIPSs : [[0.9625, 0.9625, 1.0], [0.98, 1.0], [1.0, 1.0], [1.0, 1.0], [1.0, 1.0], [1.0], [1.0], [1.0], [0.96]]
patSINGs : [[0.875, 0.875, 0.875], [0.875, 0.875], [0.875, 0.875], [0.875, 0.875], [1.0, 1.0], [0.875], [0.875], [0.875], [0.875]]
patIPCs : [[0.9766304347826087, 1.0, 1.0], [0.99, 1.0], [1.0, 1.0], [1.0, 1.0], [1.0, 1.0], [1.0], [1.0], [1.0], [1.0]]
Optional results : []
