3;6;7;9;12;14;16;19;26;28;31;33;34;35;43;47;49;50;59;61;62;63;66;67;68;71;72;73;74;75;76;84;88;93;97;105;108;113;116;117;119
0;1;2;4;5;8;10;11;13;15;17;18;20;21;22;23;24;25;27;29;30;32;36;37;38;39;40;41;42;44;45;46;48;51;52;53;54;55;56;57;58;60;64;65;69;70;77;78;79;80;81;82;83;85;86;87;89;90;91;92;94;95;96;98;99;100;101;102;103;104;106;107;109;110;111;112;114;115;118;120;121;122;123;124
1;2;4;8;17;18;20;23;25;29;39;40;41;45;48;53;57;60;64;69;70;79;81;83;85;92;96;99;101;110;115;122;123
3;6;7;9;12;14;16;19;26;28;31;33;34;35;43;47;49;50;59;61;62;63;66;67;68;71;72;73;74;75;84;88;93;105;108;113;116;117;119
0;5;10;11;13;15;21;22;24;27;30;32;36;37;38;42;44;46;51;52;54;55;56;58;65;76;77;78;80;82;86;87;89;90;91;94;95;97;98;100;102;103;104;106;107;109;111;112;114;118;120;121;124
0;2;3;5;7;10;11;15;22;24;28;31;32;34;37;40;42;44;46;51;55;56;65;68;71;76;77;80;90;91;94;97;98;100;102;103;108;109;111;112;116;118;120;121;122
6;9;12;14;16;19;26;33;35;43;47;49;50;59;61;62;63;66;67;72;73;74;75;84;88;93;105;113;117;119
1;4;8;17;18;20;23;25;29;39;41;45;48;53;57;60;64;69;70;79;81;83;85;92;96;99;101;110;115;123
13;21;27;30;36;38;52;54;58;78;82;86;87;89;95;104;106;107;114;124
6;12;16;19;26;33;49;59;61;62;63;67;72;73;75;88;93;105;117;119
13;21;27;30;36;38;52;54;58;78;82;86;87;89;95;104;106;107;114;124
3;7;9;14;28;31;34;35;43;47;50;66;68;71;74;84;108;113;116
1;4;8;17;18;20;23;25;29;39;41;45;48;53;57;60;64;69;70;79;81;83;85;92;96;99;101;110;115;123
0;2;5;10;11;15;22;24;32;37;40;42;44;46;51;55;56;65;76;77;80;90;91;94;97;98;100;102;103;109;111;112;118;120;121;122
3;6;7;9;12;14;16;19;28;31;34;35;43;47;49;50;61;66;68;71;73;74;84;88;105;108;113;116;117
4;23;25;29;41;60;69;101;115;123
13;21;27;30;36;38;52;78;82;86;87;89;95;104;106;107;114;124
0;2;5;10;11;15;22;24;32;37;40;42;44;46;51;55;56;65;80;90;91;94;98;100;102;103;109;111;112;118;120;121;122
1;8;17;18;20;39;45;48;53;57;64;70;79;81;83;85;92;96;99;110
26;33;54;58;59;62;63;67;72;75;76;77;93;97;119
3;6;7;9;12;14;16;19;28;31;34;35;43;47;49;50;61;66;68;71;73;74;84;88;105;108;113;116;117
1;8;17;18;20;29;39;45;48;53;57;64;69;70;79;81;83;85;92;96;99;101;110;115
26;33;59;62;63;67;72;75;93;119
13;21;27;30;38;52;86;87;89;95;106;107;114;124
32;42;55;80;102;121
4;23;25;36;41;54;58;60;76;77;78;82;97;104;123
0;2;5;10;11;15;22;24;37;40;44;46;51;56;65;90;91;94;98;100;103;109;111;112;118;120;122
13;21;27;30;38;52;86;87;89;95;106;107;114;124
6;9;12;14;16;19;35;43;47;49;50;61;66;73;74;84;88;105;113;117
2;4;23;25;29;40;41;60;65;69;76;77;97;101;115;122;123
26;33;59;62;63;67;72;75;93;119
1;8;17;18;20;39;45;48;53;57;64;70;79;81;83;85;92;96;99;110
0;3;7;15;22;28;31;32;34;42;55;68;71;80;90;94;98;102;103;108;109;116;121
5;10;11;24;37;44;46;51;56;91;100;111;112;118;120
36;54;58;78;82;104
1;8;17;18;20;39;45;48;53;57;64;70;79;81;83;85;92;96;99;110
4;23;25;29;41;60;69;101;115;123
6;9;12;14;16;19;35;43;47;49;50;61;66;73;74;84;88;105;113;117
0;2;3;7;15;22;28;31;34;40;42;55;65;68;71;80;90;94;98;102;103;108;109;116;121;122
26;33;59;62;63;67;72;75;93;119
36;54;58;78;82;104
13;21;27;30;38;52;86;87;89;95;106;107;114;124
5;11;24;32;37;44;46;51;56;91;100;111;112;118;120
10;76;77;97
4;23;25;41;54;58;60;115;123
3;7;28;31;34;68;71;108;116
17;18;20;39;45;64;81;83;89;92;110
6;9;12;14;16;19;35;43;47;49;50;61;66;73;74;84;88;105;113;117
26;33;59;62;63;67;72;75;93;119
36;78;82;104
5;10;15;24;32;42;55;65;76;77;80;91;97;102;109;111;121
13;21;27;30;38;52;86;87;95;106;107;114;124
0;2;11;22;37;40;44;46;51;56;90;94;98;100;103;112;118;120;122
1;8;29;48;53;57;69;70;79;85;96;99;101
32;42;55;80;102;121
17;18;20;39;45;64;81;83;92;110
0;2;3;7;15;22;28;31;34;40;65;68;71;90;94;98;103;108;109;116;122
76;77;97
26;33;59;62;63;67;72;75;93;119
1;8;29;48;53;57;69;70;79;85;96;99;101;115
13;21;27;30;38;52;86;87;89;95;106;107;114;124
6;9;12;14;16;19;35;43;47;49;50;61;66;73;74;84;88;105;113;117
5;10;11;24;37;44;46;51;56;91;100;111;112;118;120
36;78;82;104
4;23;25;41;54;58;60;123
0;2;11;22;37;40;44;46;51;56;90;94;98;100;103;112;118;120;122
4;23;25;41;54;58;60;101;115;123
9;12;14;35;43;47;49;50;66;74;84;105;113
13;21;27;30;38;52;86;87;89;95;106;107;114;124
6;16;19;61;73;88;117
26;33;59;62;63;67;72;75;93;119
1;8;17;18;20;39;45;48;53;57;64;70;79;81;83;85;92;96;99;110
3;7;15;28;31;34;65;68;71;108;109;116
32;42;55;80;102;121
5;10;24;76;77;91;97;111
36;78;82;104
29;69
26;33;59;62;63;67;72;75;93;119
13;21;27;30;38;52;86;87;95;106;107;114;124
3;7;28;31;34;68;71;108;116
5;10;11;24;32;44;46;91;100;111;112;118;120
54;58;76;77;97
6;9;12;14;16;35;43;47;49;50;66;74;84;105;113
1;8;48;53;57;70;79;85;96;99
36;78;82;104
17;18;20;39;45;64;81;83;89;92;110
4;23;25;29;41;60;69;101;115;123
42;55;80;102;121
19;61;73;88;117
0;2;15;22;37;40;51;56;65;90;94;98;103;109;122
54;58;76;77;97
17;18;20;39;45;64;81;83;89;92;110
5;10;11;24;32;44;46;91;100;111;112;118;120
19;61;73;88;117
13;21;27;30;38;52;86;87;95;106;107;114;124
3;7;28;31;34;68;71;108;116
36;78;82;104
1;8;48;53;57;70;79;85;96;99
4;23;25;41;60;101;115;123
42;55;80;102;121
26;33;59;62;63;67;72;75;93;119
6;9;12;14;16;35;43;47;49;50;66;74;84;105;113
29;69
0;2;15;22;37;40;51;56;65;90;94;98;103;109;122
