baseAlgorithms : ['Kmeans']
repeatBPgen : 1
maxClustSize : 125
Coverage : 30
patType : pat
V : 92
clustPatDF.shape : (31, 92)
Kmin : 3
Kmax : 15
minAppar : 0
maxAppar : 2
Discriminativeness : 10
nbMaxMoreThan1 : 20
nbMaxLessThan1 : 20
nbMaxDiffThan1 : 40
idObj : 9

--- RESULTS ---

times : [0.33, 0.0, 1.21, 0.21, 13.94]
allClust : [[26, 33, 59, 62, 63, 67, 72, 75, 93, 119], [36, 54, 58, 78, 82, 104], [13, 21, 27, 30, 38, 52, 86, 87, 95, 106, 107, 114, 124], [76, 77, 97], [1, 8, 29, 48, 53, 57, 69, 70, 79, 85, 96, 99, 101, 115], [5, 10, 11, 24, 32, 44, 46, 91, 100, 111, 112, 118, 120], [17, 18, 20, 39, 45, 64, 81, 83, 89, 92, 110], [3, 7, 28, 31, 34, 68, 71, 108, 116], [6, 9, 12, 14, 16, 35, 43, 47, 49, 50, 66, 74, 84, 105, 113], [0, 2, 15, 22, 37, 40, 51, 56, 65, 90, 94, 98, 103, 109, 122]]
allClustLen : [10, 6, 13, 3, 14, 13, 11, 9, 15, 15]
descrNames : [[['HasWhileLoop', 'InstDepth<=3.0', 'HasIfInLoop', 'NbReturns<=1.0', 'userdId_39', 'HasComment', 'NbTokens>75.0', 'NbLines>10.0', 'NbVars>2.0', 'NbParams>1.0']], [['HasWhileLoop', 'InstDepth<=3.0', 'HasIfInLoop', 'NbReturns<=1.0', 'userdId_19', 'NbTokens<=75.0', 'NbLines<=10.0', 'NbVars<=2.0', 'NbParams>1.0']], [['HasWhileLoop', 'InstDepth<=3.0', 'userdId_13', 'HasIfInLoop', 'NbReturns<=1.0', 'NbTokens<=75.0', 'NbLines>10.0', 'NbVars>2.0', 'NbParams>1.0']], [['HasWhileLoop', 'InstDepth<=3.0', 'userdId_50', 'HasIfInLoop', 'NbReturns<=1.0', 'NbTokens<=75.0', 'NbLines>10.0', 'NbVars>2.0', 'NbParams>1.0']], [['userdId_4', 'HasWhileLoop', 'InstDepth>3.0', 'HasNestedIfs', 'HasIfInLoop', 'NbReturns<=1.0', 'NbTokens>75.0', 'NbLines>10.0', 'NbVars>2.0', 'NbParams>1.0']], [['HasWhileLoop', 'HasIfInLoop', 'NbReturns<=1.0', 'NbTokens>75.0', 'userdId_27', 'NbLines>10.0', 'NbVars>2.0', 'NbParams>1.0']], [['HasWhileLoop', 'userdId_12', 'InstDepth<=3.0', 'HasIfInLoop', 'NbReturns<=1.0', 'NbTokens<=75.0', 'NbLines>10.0', 'NbVars>2.0', 'NbParams>1.0']], [['HasWhileLoop', 'userdId_21', 'InstDepth<=3.0', 'HasIfInLoop', 'NbReturns<=1.0', 'NbTokens<=75.0', 'NbLines>10.0', 'NbVars>2.0', 'NbParams>1.0']], [['HasWhileLoop', 'userdId_28', 'InstDepth<=3.0', 'HasIfInLoop', 'NbReturns<=1.0', 'NbLines>10.0', 'NbVars>2.0', 'NbParams>1.0']], [['userdId_36', 'HasWhileLoop', 'InstDepth<=3.0', 'HasIfInLoop', 'NbReturns<=1.0', 'NbTokens>75.0', 'NbLines>10.0', 'NbVars>2.0', 'NbParams>1.0']]]
descrPatIds : [[9, 16], [19], [10, 17], [22], [25], [29], [23], [11], [30], [24]]
descrTagsIds : [['[32, 34, 35, 39, 43, 45, 15, 48, 51, 27, 29, 31]', '[32, 34, 35, 39, 43, 45, 48, 18, 51, 27, 29, 31]'], ['[32, 34, 35, 39, 43, 45, 17, 50, 26, 28, 31]'], ['[32, 34, 35, 39, 8, 43, 45, 50, 27, 29, 31]', '[32, 34, 35, 39, 43, 45, 14, 50, 27, 29, 31]'], ['[32, 34, 35, 39, 11, 43, 45, 50, 27, 29, 31]'], ['[32, 2, 34, 35, 40, 42, 43, 45, 51, 27, 29, 31]'], ['[32, 34, 35, 43, 45, 51, 20, 27, 29, 31]'], ['[32, 34, 35, 5, 39, 43, 45, 50, 27, 29, 31]'], ['[32, 34, 35, 4, 39, 43, 45, 50, 27, 29, 31]'], ['[32, 34, 35, 7, 39, 43, 45, 27, 29, 31]'], ['[32, 1, 34, 35, 39, 43, 45, 51, 27, 29, 31]']]
nbNotAttrib : 16
nbMultiAttrib : 0
nbOfClusterForEachInstance : [1 1 1 1 0 1 1 1 1 1 1 1 1 1 1 1 1 1 1 0 1 1 1 0 1 0 1 1 1 1 1 1 1 1 1 1 1
 1 1 1 1 0 0 1 1 1 1 1 1 1 1 1 1 1 1 0 1 1 1 1 0 0 1 1 1 1 1 1 1 1 1 1 1 0
 1 1 1 1 1 1 0 1 1 1 1 1 1 1 0 1 1 1 1 1 1 1 1 1 1 1 1 1 0 1 1 1 1 1 1 1 1
 1 1 1 1 1 1 0 1 1 1 0 1 0 1]
---- : ----
PCRs : [(0.5, 0.1), (0.67, 0.0), (0.5, 0.12), (1.0, 0.0), (0.5, 0.0), (0.31, 0.0), (0.64, 0.0), (0.67, 0.0), (0.33, 0.0), (0.47, 0.0)]
DCs : [1.0, 0.67, 1.0, 1.0, 0.5, 0.31, 0.64, 0.67, 0.33, 0.47]
IPSs : [(0.98, 0.02), (0.98, 0.0), (1.0, 0.0), (1.0, 0.0), (1.0, 0.0), (1.0, 0.0), (1.0, 0.0), (0.98, 0.0), (1.0, 0.0), (1.0, 0.0)]
SINGs : [(0.89, 0.0), (0.89, 0.0), (0.89, 0.0), (1.0, 0.0), (0.89, 0.0), (0.89, 0.0), (0.89, 0.0), (0.89, 0.0), (0.89, 0.0), (0.89, 0.0)]
IPCs : [(1.0, 0.0), (1.0, 0.0), (1.0, 0.0), (1.0, 0.0), (1.0, 0.0), (1.0, 0.0), (1.0, 0.0), (0.98, 0.0), (1.0, 0.0), (1.0, 0.0)]
patPCRs : [[0.6, 0.4], [0.6666666666666666], [0.6153846153846154, 0.38461538461538464], [1.0], [0.5], [0.3076923076923077], [0.6363636363636364], [0.6666666666666666], [0.3333333333333333], [0.4666666666666667]]
patDCs : []
patIPSs : [[0.9565217391304348, 1.0], [0.9831932773109243], [0.9910714285714286, 1.0], [1.0], [1.0], [1.0], [1.0], [0.9827586206896551], [1.0], [1.0]]
patSINGs : [[0.8888888888888888, 0.8888888888888888], [0.8888888888888888], [0.8888888888888888, 0.8888888888888888], [1.0], [0.8888888888888888], [0.8888888888888888], [0.8888888888888888], [0.8888888888888888], [0.8888888888888888], [0.8888888888888888]]
patIPCs : [[1.0, 1.0], [1.0], [0.9925925925925926, 1.0], [1.0], [1.0], [1.0], [1.0], [0.9835164835164836], [1.0], [1.0]]
Optional results : []
