baseAlgorithms : ['Kmeans']
repeatBPgen : 1
maxClustSize : 1014
Coverage : 70
patType : pat
V : 99
clustPatDF.shape : (335, 99)
Kmin : 8
Kmax : 8
minAppar : 0
maxAppar : 2
Discriminativeness : 50
nbMaxMoreThan1 : 200
nbMaxLessThan1 : 200
nbMaxDiffThan1 : 400
idObj : 9

--- RESULTS ---

times : [2.54, 501.2]
allClust : [[4, 5, 8, 15, 25, 27, 30, 31, 33, 35, 37, 44, 48, 52, 53, 62, 64, 65, 67, 74, 84, 89, 94, 95, 102, 127, 138, 143, 145, 148, 149, 163, 176, 183, 196, 206, 213, 220, 227, 230, 231, 241, 244, 247, 248, 250, 253, 255, 256, 263, 272, 276, 288, 289, 292, 294, 313, 321, 324, 327, 334, 344, 366, 367, 369, 390, 395, 396, 405, 408, 412, 413, 423, 429, 448, 450, 466, 467, 474, 484, 491, 493, 498, 510, 511, 515, 516, 522, 528, 538, 544, 562, 566, 569, 572, 580, 593, 600, 601, 605, 609, 611, 622, 624, 627, 631, 634, 635, 638, 643, 650, 651, 667, 668, 669, 675, 680, 688, 692, 695, 701, 702, 704, 705, 708, 710, 711, 713, 714, 715, 717, 722, 724, 743, 744, 746, 750, 754, 760, 762, 783, 796, 802, 805, 814, 823, 837, 842, 851, 854, 855, 858, 865, 868, 880, 883, 910, 914, 937, 946, 949, 954, 960, 968, 971], [10, 38, 71, 91, 103, 110, 118, 129, 133, 152, 181, 194, 210, 232, 236, 237, 249, 286, 337, 348, 352, 373, 380, 386, 399, 407, 409, 411, 420, 430, 442, 463, 475, 521, 534, 548, 556, 606, 655, 657, 659, 661, 665, 685, 696, 726, 749, 763, 765, 773, 799, 808, 815, 828, 853, 882, 887, 893, 919, 923, 942, 951, 992], [14, 20, 21, 24, 29, 47, 61, 63, 70, 80, 82, 83, 99, 107, 124, 130, 131, 132, 137, 153, 157, 158, 165, 167, 187, 192, 205, 207, 214, 218, 222, 226, 228, 229, 254, 264, 265, 273, 274, 282, 299, 303, 307, 326, 330, 341, 343, 345, 354, 355, 358, 383, 384, 400, 406, 410, 425, 437, 444, 445, 446, 458, 459, 471, 472, 473, 478, 488, 507, 517, 520, 526, 545, 550, 551, 554, 559, 561, 570, 576, 583, 590, 592, 595, 598, 607, 615, 628, 632, 636, 640, 644, 645, 672, 697, 699, 703, 706, 716, 725, 727, 738, 757, 767, 785, 791, 795, 809, 812, 821, 829, 831, 832, 838, 843, 845, 846, 849, 873, 879, 899, 918, 925, 930, 931, 934, 957, 961, 963, 965, 974, 985, 990, 993, 1003, 1004, 1005, 1012, 1013], [9, 36, 39, 46, 66, 78, 81, 92, 114, 119, 121, 123, 140, 156, 161, 162, 179, 184, 185, 217, 224, 235, 240, 266, 275, 278, 297, 309, 315, 328, 374, 376, 379, 393, 398, 401, 416, 417, 419, 433, 439, 477, 482, 490, 502, 555, 575, 581, 585, 589, 603, 608, 621, 642, 654, 678, 683, 687, 709, 719, 748, 751, 753, 761, 778, 782, 804, 810, 816, 833, 835, 836, 847, 870, 881, 884, 896, 922, 924, 948, 950, 956, 962, 972, 1000, 1011], [1, 16, 17, 19, 43, 55, 79, 88, 96, 98, 108, 112, 160, 173, 174, 186, 188, 189, 191, 193, 197, 199, 200, 211, 215, 216, 221, 238, 242, 252, 258, 269, 281, 284, 285, 304, 311, 318, 319, 323, 333, 357, 363, 368, 370, 375, 392, 403, 414, 421, 428, 435, 438, 449, 468, 476, 480, 483, 487, 489, 499, 500, 524, 539, 542, 549, 553, 557, 568, 571, 573, 584, 586, 587, 591, 597, 616, 648, 681, 693, 707, 720, 731, 737, 758, 759, 789, 790, 806, 824, 841, 861, 866, 877, 895, 898, 901, 908, 912, 915, 916, 939, 945, 958, 967, 981, 1007], [23, 26, 28, 34, 51, 57, 59, 72, 86, 90, 101, 105, 113, 116, 146, 150, 151, 168, 177, 182, 201, 212, 246, 251, 257, 271, 277, 291, 296, 298, 308, 338, 342, 347, 359, 360, 361, 377, 378, 382, 385, 387, 388, 389, 394, 404, 455, 456, 461, 492, 494, 497, 505, 508, 513, 514, 519, 529, 530, 532, 578, 579, 588, 594, 599, 618, 625, 649, 652, 653, 658, 660, 676, 686, 691, 721, 723, 730, 732, 745, 764, 768, 769, 784, 788, 794, 811, 830, 834, 840, 856, 863, 867, 888, 890, 894, 911, 913, 943, 953, 964, 966, 969, 979, 982, 989, 991, 1001], [2, 3, 7, 32, 42, 54, 56, 58, 68, 69, 73, 75, 76, 85, 93, 100, 109, 111, 115, 128, 142, 147, 159, 164, 169, 171, 198, 202, 245, 259, 267, 270, 280, 287, 300, 306, 312, 336, 339, 340, 346, 351, 362, 365, 372, 381, 427, 441, 452, 453, 454, 457, 465, 481, 485, 501, 518, 523, 537, 543, 546, 552, 558, 560, 563, 577, 604, 613, 614, 617, 629, 637, 639, 662, 664, 671, 673, 677, 679, 690, 698, 712, 733, 736, 740, 747, 772, 797, 798, 801, 817, 820, 825, 827, 850, 852, 857, 864, 874, 885, 886, 904, 927, 932, 933, 935, 941, 976, 978, 984, 988, 996, 997, 998, 1010], [0, 12, 13, 18, 40, 45, 50, 77, 87, 106, 122, 134, 136, 139, 144, 166, 175, 180, 195, 204, 208, 219, 225, 233, 260, 261, 262, 279, 283, 290, 295, 301, 310, 316, 317, 320, 322, 331, 335, 349, 350, 364, 371, 397, 424, 426, 431, 434, 495, 496, 504, 525, 535, 536, 541, 547, 564, 567, 574, 623, 647, 656, 670, 682, 684, 694, 728, 734, 739, 742, 752, 755, 770, 780, 781, 793, 800, 803, 818, 822, 826, 839, 844, 848, 859, 875, 876, 878, 891, 892, 897, 900, 903, 906, 920, 926, 929, 938, 940, 947, 973, 980, 987, 994, 1008]]
allClustLen : [165, 63, 139, 86, 107, 108, 115, 105]
descrNames : [[['NbVars<=2.0', 'HasIf', 'NbTokens>75.0'], ['NbVars<=2.0', 'HasIf', 'NbReturns<=1.0', 'NbTokens>75.0'], ['NbLines>10.0', 'NbVars<=2.0', 'HasIf', 'NbTokens>75.0'], ['NbLines>10.0', 'NbVars<=2.0', 'HasIf', 'NbReturns<=1.0', 'NbTokens>75.0'], ['HasIf', 'InstDepth<=3.0', 'NbReturns<=1.0', 'NbTokens>75.0'], ['NbLines>10.0', 'HasIf', 'InstDepth<=3.0', 'NbReturns<=1.0', 'NbTokens>75.0'], ['709a3600dc12d686d1c8f691a0af1e19', 'NbParams<=1.0', 'HasIf'], ['709a3600dc12d686d1c8f691a0af1e19', 'NbParams<=1.0', 'HasIf', 'NbReturns<=1.0'], ['709a3600dc12d686d1c8f691a0af1e19', 'NbParams<=1.0', 'HasIf', 'NbTokens>75.0'], ['709a3600dc12d686d1c8f691a0af1e19', 'NbParams<=1.0', 'HasIf', 'NbReturns<=1.0', 'NbTokens>75.0'], ['709a3600dc12d686d1c8f691a0af1e19', 'NbLines>10.0', 'NbParams<=1.0', 'HasIf', 'NbTokens>75.0'], ['709a3600dc12d686d1c8f691a0af1e19', 'NbLines>10.0', 'NbParams<=1.0', 'HasIf', 'NbReturns<=1.0', 'NbTokens>75.0']], [['4c3cff428b26be2b1464a3c9ee78c7cf', 'NbParams>1.0', 'HasIf'], ['4c3cff428b26be2b1464a3c9ee78c7cf', 'NbParams>1.0', 'HasIf', 'InstDepth<=3.0'], ['4c3cff428b26be2b1464a3c9ee78c7cf', 'NbVars<=2.0', 'NbParams>1.0', 'HasIf'], ['4c3cff428b26be2b1464a3c9ee78c7cf', 'NbVars<=2.0', 'NbParams>1.0', 'HasIf', 'InstDepth<=3.0'], ['NbLines<=10.0', 'NbParams>1.0', 'HasIf'], ['NbLines<=10.0', 'NbParams>1.0', 'HasIf', 'InstDepth<=3.0']], [['392e69c90b63b832ef1b1489027c9c7f', 'NbParams>1.0', 'HasLoop', 'HasWhileLoop', 'HasIf', 'NbReturns<=1.0'], ['392e69c90b63b832ef1b1489027c9c7f', 'NbParams>1.0', 'HasWhileLoop', 'HasIfInLoop', 'NbReturns<=1.0']], [['NbParams>1.0', 'HasIf', 'InstDepth<=3.0', 'NbTokens>75.0'], ['3355182ef981952e841618c19103ef09', 'NbParams>1.0', 'HasIf', 'InstDepth<=3.0'], ['3355182ef981952e841618c19103ef09', 'NbParams>1.0', 'HasIf', 'InstDepth<=3.0', 'NbTokens>75.0'], ['NbParams>1.0', 'HasIfElif', 'InstDepth<=3.0', 'NbTokens>75.0'], ['3355182ef981952e841618c19103ef09', 'NbParams>1.0', 'HasIfElif', 'InstDepth<=3.0', 'NbTokens>75.0']], [['582dcbc047b264a41a011f56f86574ba', 'NbLines<=10.0', 'NbParams<=1.0', 'HasIf', 'NbTokens<=75.0'], ['NbLines<=10.0', 'NbParams<=1.0', 'HasForLoop', 'HasIfInLoop', 'NbTokens<=75.0']], [['8c67b76032d571a8d7eca8796ed11752', 'HasLoop', 'NbReturns<=1.0', 'NbTokens<=75.0'], ['8c67b76032d571a8d7eca8796ed11752', 'NbLines<=10.0', 'HasLoop', 'NbReturns<=1.0', 'NbTokens<=75.0'], ['8c67b76032d571a8d7eca8796ed11752', 'NbParams<=1.0', 'HasLoop', 'NbReturns<=1.0', 'NbTokens<=75.0'], ['8c67b76032d571a8d7eca8796ed11752', 'NbLines<=10.0', 'NbParams<=1.0', 'HasLoop', 'NbReturns<=1.0', 'NbTokens<=75.0'], ['8c67b76032d571a8d7eca8796ed11752', 'NbLines<=10.0', 'HasLoop', 'InstDepth<=3.0', 'NbReturns<=1.0', 'NbTokens<=75.0'], ['8c67b76032d571a8d7eca8796ed11752', 'NbLines<=10.0', 'NbParams<=1.0', 'HasLoop', 'InstDepth<=3.0', 'NbReturns<=1.0', 'NbTokens<=75.0'], ['8c67b76032d571a8d7eca8796ed11752', 'HasIfInLoop', 'NbReturns<=1.0', 'NbTokens<=75.0'], ['8c67b76032d571a8d7eca8796ed11752', 'NbLines<=10.0', 'HasIfInLoop', 'NbReturns<=1.0', 'NbTokens<=75.0'], ['8c67b76032d571a8d7eca8796ed11752', 'NbParams<=1.0', 'HasIfInLoop', 'NbReturns<=1.0', 'NbTokens<=75.0'], ['8c67b76032d571a8d7eca8796ed11752', 'NbLines<=10.0', 'NbParams<=1.0', 'HasIfInLoop', 'NbReturns<=1.0', 'NbTokens<=75.0'], ['8c67b76032d571a8d7eca8796ed11752', 'NbLines<=10.0', 'InstDepth<=3.0', 'HasIfInLoop', 'NbReturns<=1.0', 'NbTokens<=75.0'], ['8c67b76032d571a8d7eca8796ed11752', 'NbLines<=10.0', 'NbParams<=1.0', 'InstDepth<=3.0', 'HasIfInLoop', 'NbReturns<=1.0', 'NbTokens<=75.0'], ['8c67b76032d571a8d7eca8796ed11752', 'HasLoop', 'HasWhileLoop', 'NbReturns<=1.0', 'NbTokens<=75.0'], ['8c67b76032d571a8d7eca8796ed11752', 'NbParams<=1.0', 'HasLoop', 'HasWhileLoop', 'NbReturns<=1.0', 'NbTokens<=75.0'], ['8c67b76032d571a8d7eca8796ed11752', 'NbLines<=10.0', 'HasLoop', 'HasWhileLoop', 'InstDepth<=3.0', 'NbReturns<=1.0', 'NbTokens<=75.0'], ['8c67b76032d571a8d7eca8796ed11752', 'NbLines<=10.0', 'NbParams<=1.0', 'HasLoop', 'HasWhileLoop', 'InstDepth<=3.0', 'NbReturns<=1.0', 'NbTokens<=75.0'], ['8c67b76032d571a8d7eca8796ed11752', 'HasWhileLoop', 'HasIfInLoop', 'NbReturns<=1.0', 'NbTokens<=75.0'], ['8c67b76032d571a8d7eca8796ed11752', 'NbParams<=1.0', 'HasWhileLoop', 'HasIfInLoop', 'NbReturns<=1.0', 'NbTokens<=75.0'], ['8c67b76032d571a8d7eca8796ed11752', 'NbLines<=10.0', 'HasWhileLoop', 'InstDepth<=3.0', 'HasIfInLoop', 'NbReturns<=1.0', 'NbTokens<=75.0'], ['8c67b76032d571a8d7eca8796ed11752', 'NbLines<=10.0', 'NbParams<=1.0', 'HasWhileLoop', 'InstDepth<=3.0', 'HasIfInLoop', 'NbReturns<=1.0', 'NbTokens<=75.0']], [['0c9aa2cd6791f3c44ce75bb46fb0b625', 'NbParams<=1.0', 'HasLoop', 'HasForLoop', 'InstDepth<=3.0', 'NbReturns<=1.0'], ['0c9aa2cd6791f3c44ce75bb46fb0b625', 'NbLines<=10.0', 'NbParams<=1.0', 'HasLoop', 'HasForLoop', 'InstDepth<=3.0', 'NbReturns<=1.0'], ['0c9aa2cd6791f3c44ce75bb46fb0b625', 'NbLines<=10.0', 'NbParams<=1.0', 'HasLoop', 'HasForLoop', 'InstDepth<=3.0', 'NbReturns<=1.0', 'NbTokens<=75.0'], ['0c9aa2cd6791f3c44ce75bb46fb0b625', 'NbLines<=10.0', 'NbVars<=2.0', 'NbParams<=1.0', 'HasLoop', 'HasForLoop', 'InstDepth<=3.0', 'NbReturns<=1.0'], ['0c9aa2cd6791f3c44ce75bb46fb0b625', 'NbLines<=10.0', 'NbVars<=2.0', 'NbParams<=1.0', 'HasLoop', 'HasForLoop', 'InstDepth<=3.0', 'NbReturns<=1.0', 'NbTokens<=75.0']], [['NbVars>2.0', 'HasIf', 'NbReturns<=1.0'], ['NbVars>2.0', 'NbParams>1.0', 'HasIf', 'NbReturns<=1.0'], ['NbVars>2.0', 'HasIf', 'InstDepth<=3.0', 'NbReturns<=1.0'], ['NbVars>2.0', 'NbParams>1.0', 'HasIf', 'InstDepth<=3.0', 'NbReturns<=1.0'], ['NbVars>2.0', 'HasIfInLoop'], ['NbVars>2.0', 'HasIfInLoop', 'NbReturns<=1.0'], ['NbVars>2.0', 'InstDepth<=3.0', 'HasIfInLoop'], ['NbVars>2.0', 'InstDepth<=3.0', 'HasIfInLoop', 'NbReturns<=1.0'], ['f918da384abe3dbfb19a02f888cbf3b1', 'NbParams>1.0', 'HasWhileLoop', 'HasIfInLoop'], ['f918da384abe3dbfb19a02f888cbf3b1', 'NbParams>1.0', 'HasWhileLoop', 'HasIfInLoop', 'NbReturns<=1.0'], ['f918da384abe3dbfb19a02f888cbf3b1', 'NbParams>1.0', 'HasWhileLoop', 'InstDepth<=3.0', 'HasIfInLoop'], ['f918da384abe3dbfb19a02f888cbf3b1', 'NbParams>1.0', 'HasWhileLoop', 'InstDepth<=3.0', 'HasIfInLoop', 'NbReturns<=1.0'], ['f918da384abe3dbfb19a02f888cbf3b1', 'NbVars>2.0', 'NbParams>1.0', 'HasWhileLoop', 'HasIfInLoop'], ['f918da384abe3dbfb19a02f888cbf3b1', 'NbVars>2.0', 'NbParams>1.0', 'HasWhileLoop', 'HasIfInLoop', 'NbReturns<=1.0'], ['f918da384abe3dbfb19a02f888cbf3b1', 'NbVars>2.0', 'NbParams>1.0', 'HasWhileLoop', 'InstDepth<=3.0', 'HasIfInLoop'], ['f918da384abe3dbfb19a02f888cbf3b1', 'NbVars>2.0', 'NbParams>1.0', 'HasWhileLoop', 'InstDepth<=3.0', 'HasIfInLoop', 'NbReturns<=1.0'], ['NbLines>10.0', 'NbParams>1.0', 'HasIf', 'InstDepth<=3.0', 'NbReturns<=1.0'], ['NbLines>10.0', 'NbVars>2.0', 'NbParams>1.0', 'HasIf'], ['NbLines>10.0', 'NbVars>2.0', 'NbParams>1.0', 'HasIf', 'NbReturns<=1.0'], ['NbLines>10.0', 'NbVars>2.0', 'NbParams>1.0', 'HasIf', 'InstDepth<=3.0'], ['NbLines>10.0', 'NbVars>2.0', 'NbParams>1.0', 'HasIf', 'InstDepth<=3.0', 'NbReturns<=1.0'], ['f918da384abe3dbfb19a02f888cbf3b1', 'NbLines>10.0', 'NbParams>1.0', 'HasWhileLoop', 'HasIfInLoop'], ['f918da384abe3dbfb19a02f888cbf3b1', 'NbLines>10.0', 'NbParams>1.0', 'HasWhileLoop', 'HasIfInLoop', 'NbReturns<=1.0'], ['f918da384abe3dbfb19a02f888cbf3b1', 'NbLines>10.0', 'NbParams>1.0', 'HasWhileLoop', 'InstDepth<=3.0', 'HasIfInLoop'], ['f918da384abe3dbfb19a02f888cbf3b1', 'NbLines>10.0', 'NbParams>1.0', 'HasWhileLoop', 'InstDepth<=3.0', 'HasIfInLoop', 'NbReturns<=1.0'], ['f918da384abe3dbfb19a02f888cbf3b1', 'NbLines>10.0', 'NbVars>2.0', 'NbParams>1.0', 'HasWhileLoop', 'HasIfInLoop'], ['f918da384abe3dbfb19a02f888cbf3b1', 'NbLines>10.0', 'NbVars>2.0', 'NbParams>1.0', 'HasWhileLoop', 'HasIfInLoop', 'NbReturns<=1.0'], ['f918da384abe3dbfb19a02f888cbf3b1', 'NbLines>10.0', 'NbVars>2.0', 'NbParams>1.0', 'HasWhileLoop', 'InstDepth<=3.0', 'HasIfInLoop']]]
descrPatIds : [[8, 9, 10, 11, 15, 17, 23, 24, 25, 26, 27, 28], [153, 154, 155, 156, 221, 222], [211, 256], [249, 248, 250, 264, 267], [276, 277], [172, 174, 176, 177, 179, 181, 187, 188, 189, 190, 191, 192, 193, 195, 196, 198, 201, 202, 203, 204], [226, 227, 232, 237, 241], [286, 288, 260, 262, 289, 290, 291, 292, 293, 294, 295, 296, 297, 298, 299, 300, 304, 305, 306, 307, 308, 309, 310, 311, 312, 313, 314, 315]]
descrTagsIds : [['[58, 65, 81]', '[58, 65, 75, 81]', '[57, 58, 65, 81]', '[57, 58, 65, 75, 81]', '[65, 69, 75, 81]', '[57, 65, 69, 75, 81]', '[2, 60, 65]', '[2, 60, 65, 75]', '[2, 60, 65, 81]', '[2, 60, 65, 75, 81]', '[2, 57, 60, 65, 81]', '[2, 57, 60, 65, 75, 81]'], ['[4, 61, 65]', '[4, 61, 65, 69]', '[4, 58, 61, 65]', '[4, 58, 61, 65, 69]', '[56, 61, 65]', '[56, 61, 65, 69]'], ['[6, 61, 62, 64, 65, 75]', '[6, 61, 62, 64, 65, 73, 75]'], ['[61, 65, 69, 81]', '[3, 61, 65, 69]', '[3, 61, 65, 69, 81]', '[61, 65, 67, 69, 81]', '[3, 61, 65, 67, 69, 81]'], ['[5, 56, 60, 65, 80]', '[56, 60, 62, 63, 65, 73, 80]'], ['[7, 62, 75, 80]', '[7, 56, 62, 75, 80]', '[7, 60, 62, 75, 80]', '[7, 56, 60, 62, 75, 80]', '[7, 56, 62, 69, 75, 80]', '[7, 56, 60, 62, 69, 75, 80]', '[7, 62, 65, 73, 75, 80]', '[7, 56, 62, 65, 73, 75, 80]', '[7, 60, 62, 65, 73, 75, 80]', '[7, 56, 60, 62, 65, 73, 75, 80]', '[7, 56, 62, 65, 69, 73, 75, 80]', '[7, 56, 60, 62, 65, 69, 73, 75, 80]', '[7, 62, 64, 75, 80]', '[7, 60, 62, 64, 75, 80]', '[7, 56, 62, 64, 69, 75, 80]', '[7, 56, 60, 62, 64, 69, 75, 80]', '[7, 62, 64, 65, 73, 75, 80]', '[7, 60, 62, 64, 65, 73, 75, 80]', '[7, 56, 62, 64, 65, 69, 73, 75, 80]', '[7, 56, 60, 62, 64, 65, 69, 73, 75, 80]'], ['[1, 60, 62, 63, 69, 75]', '[1, 56, 60, 62, 63, 69, 75]', '[1, 56, 60, 62, 63, 69, 75, 80]', '[1, 56, 58, 60, 62, 63, 69, 75]', '[1, 56, 58, 60, 62, 63, 69, 75, 80]'], ['[59, 65, 75]', '[59, 61, 65, 75]', '[59, 65, 69, 75]', '[59, 61, 65, 69, 75]', '[59, 62, 65, 73]', '[59, 62, 65, 73, 75]', '[59, 62, 65, 69, 73]', '[59, 62, 65, 69, 73, 75]', '[0, 61, 62, 64, 65, 73]', '[0, 61, 62, 64, 65, 73, 75]', '[0, 61, 62, 64, 65, 69, 73]', '[0, 61, 62, 64, 65, 69, 73, 75]', '[0, 59, 61, 62, 64, 65, 73]', '[0, 59, 61, 62, 64, 65, 73, 75]', '[0, 59, 61, 62, 64, 65, 69, 73]', '[0, 59, 61, 62, 64, 65, 69, 73, 75]', '[57, 61, 65, 69, 75]', '[57, 59, 61, 65]', '[57, 59, 61, 65, 75]', '[57, 59, 61, 65, 69]', '[57, 59, 61, 65, 69, 75]', '[0, 57, 61, 62, 64, 65, 73]', '[0, 57, 61, 62, 64, 65, 73, 75]', '[0, 57, 61, 62, 64, 65, 69, 73]', '[0, 57, 61, 62, 64, 65, 69, 73, 75]', '[0, 57, 59, 61, 62, 64, 65, 73]', '[0, 57, 59, 61, 62, 64, 65, 73, 75]', '[0, 57, 59, 61, 62, 64, 65, 69, 73]']]
nbNotAttrib : 126
nbMultiAttrib : 0
nbOfClusterForEachInstance : [1 1 1 ... 1 1 1]
---- : ----
PCRs : [(0.76, 0.04), (0.83, 0.07), (0.71, 0.01), (0.82, 0.08), (0.71, 0.0), (0.89, 0.06), (0.85, 0.06), (0.78, 0.05)]
DCs : [0.93, 0.98, 0.72, 0.91, 0.75, 1.0, 0.93, 0.92]
IPSs : [(0.89, 0.09), (0.9, 0.03), (1.0, 0.0), (0.91, 0.07), (0.95, 0.01), (0.97, 0.01), (1.0, 0.0), (0.94, 0.04)]
SINGs : [(1.0, 0.0), (1.0, 0.0), (1.0, 0.0), (1.0, 0.0), (1.0, 0.0), (1.0, 0.0), (1.0, 0.0), (1.0, 0.0)]
IPCs : [(0.93, 0.08), (0.95, 0.04), (0.99, 0.0), (0.93, 0.07), (0.98, 0.01), (0.97, 0.01), (1.0, 0.0), (0.94, 0.04)]
patPCRs : [[0.8181818181818182, 0.806060606060606, 0.8121212121212121, 0.8, 0.7575757575757576, 0.7515151515151515, 0.7393939393939394, 0.7272727272727273, 0.7272727272727273, 0.7151515151515152, 0.7212121212121212, 0.7090909090909091], [0.9206349206349206, 0.873015873015873, 0.8888888888888888, 0.8412698412698413, 0.746031746031746, 0.7301587301587301], [0.7194244604316546, 0.7050359712230215], [0.8953488372093024, 0.8837209302325582, 0.872093023255814, 0.7209302325581395, 0.7093023255813954], [0.719626168224299, 0.7102803738317757], [1.0, 0.9907407407407407, 0.9722222222222222, 0.9629629629629629, 0.9444444444444444, 0.9166666666666666, 0.9259259259259259, 0.9166666666666666, 0.8981481481481481, 0.8888888888888888, 0.8703703703703703, 0.8425925925925926, 0.8981481481481481, 0.8703703703703703, 0.8888888888888888, 0.8611111111111112, 0.8240740740740741, 0.7962962962962963, 0.8148148148148148, 0.7870370370370371], [0.9304347826086956, 0.8956521739130435, 0.8521739130434782, 0.8, 0.7565217391304347], [0.8761904761904762, 0.8571428571428571, 0.7714285714285715, 0.7523809523809524, 0.8380952380952381, 0.8285714285714286, 0.7428571428571429, 0.7333333333333333, 0.8571428571428571, 0.8476190476190476, 0.7619047619047619, 0.7523809523809524, 0.819047619047619, 0.8095238095238095, 0.7238095238095238, 0.7142857142857143, 0.7428571428571429, 0.8380952380952381, 0.8285714285714286, 0.7333333333333333, 0.7238095238095238, 0.819047619047619, 0.8095238095238095, 0.7238095238095238, 0.7142857142857143, 0.8, 0.7904761904761904, 0.7047619047619048]]
patDCs : []
patIPSs : [[0.7856301531213192, 0.8044758539458186, 0.8669022379269729, 0.8857479387514723, 0.7102473498233215, 0.8103651354534747, 0.9611307420494699, 0.9634864546525324, 0.9646643109540636, 0.967020023557126, 0.9646643109540636, 0.967020023557126], [0.9148264984227129, 0.9337539432176656, 0.9200841219768665, 0.9379600420609884, 0.8569926393270242, 0.8569926393270242], [0.9954285714285714, 0.9954285714285714], [0.7790948275862069, 0.9568965517241379, 0.9622844827586207, 0.875, 0.9741379310344828], [0.9636163175303197, 0.9360529217199559], [0.9580573951434879, 0.9580573951434879, 0.9580573951434879, 0.9580573951434879, 0.9613686534216336, 0.9613686534216336, 0.9735099337748344, 0.9735099337748344, 0.9735099337748344, 0.9735099337748344, 0.9768211920529801, 0.9768211920529801, 0.9668874172185431, 0.9668874172185431, 0.9668874172185431, 0.9668874172185431, 0.9823399558498896, 0.9823399558498896, 0.9823399558498896, 0.9823399558498896], [0.9977753058954394, 0.9988876529477196, 0.9988876529477196, 0.9988876529477196, 0.9988876529477196], [0.8261826182618262, 0.9097909790979097, 0.8558855885588559, 0.9328932893289329, 0.8910891089108911, 0.8976897689768977, 0.9185918591859186, 0.9251925192519252, 0.9614961496149614, 0.9702970297029703, 0.9713971397139713, 0.9801980198019802, 0.9702970297029703, 0.976897689768977, 0.9801980198019802, 0.9867986798679867, 0.8723872387238724, 0.8943894389438944, 0.9361936193619362, 0.9174917491749175, 0.9592959295929593, 0.9680968096809681, 0.976897689768977, 0.977997799779978, 0.9867986798679867, 0.9702970297029703, 0.976897689768977, 0.9801980198019802]]
patSINGs : [[1.0, 1.0, 1.0, 1.0, 1.0, 1.0, 1.0, 1.0, 1.0, 1.0, 1.0, 1.0], [1.0, 1.0, 1.0, 1.0, 1.0, 1.0], [1.0, 1.0], [1.0, 1.0, 1.0, 1.0, 1.0], [1.0, 1.0], [1.0, 1.0, 1.0, 1.0, 1.0, 1.0, 1.0, 1.0, 1.0, 1.0, 1.0, 1.0, 1.0, 1.0, 1.0, 1.0, 1.0, 1.0, 1.0, 1.0], [1.0, 1.0, 1.0, 1.0, 1.0], [1.0, 1.0, 1.0, 1.0, 1.0, 1.0, 1.0, 1.0, 1.0, 1.0, 1.0, 1.0, 1.0, 1.0, 1.0, 1.0, 1.0, 1.0, 1.0, 1.0, 1.0, 1.0, 1.0, 1.0, 1.0, 1.0, 1.0, 1.0]]
patIPCs : [[0.8457942966523998, 0.8775403283984314, 0.8905543813643911, 0.922300413110423, 0.7838996949887687, 0.8404213648405225, 0.9972789115646259, 0.9972789115646259, 1.0, 1.0, 1.0, 1.0], [0.9594310451453308, 0.9755102040816327, 0.9652442795299938, 0.9799628942486086, 0.896751101213497, 0.896751101213497], [0.9943335299779551, 0.9943335299779551], [0.8152425284116251, 0.9841520798042537, 0.9866365518539431, 0.893210735920419, 0.99195504288672], [0.9900846669603093, 0.9612184920666087], [0.9574744259853153, 0.9574744259853153, 0.9574744259853153, 0.9574744259853153, 0.961479766439254, 0.961479766439254, 0.9753626118770387, 0.9753626118770387, 0.9753626118770387, 0.9753626118770387, 0.9793679523309773, 0.9793679523309773, 0.964401065763431, 0.964401065763431, 0.964401065763431, 0.964401065763431, 0.9822892516551542, 0.9822892516551542, 0.9822892516551542, 0.9822892516551542], [1.0, 1.0, 1.0, 1.0, 1.0], [0.8381099879676863, 0.9152970992105274, 0.8686089629835713, 0.9390313828116837, 0.8898561807607942, 0.8975781492412153, 0.9186235540450775, 0.9263455225254985, 0.9557754358367939, 0.9661676312865074, 0.9671767286876934, 0.9775689241374069, 0.9650411317725281, 0.9727631002529492, 0.9764424246234276, 0.9841643931038486, 0.875600162763933, 0.8788528256381358, 0.9364086811617461, 0.9025871092392922, 0.9601429647629026, 0.9623709048032357, 0.9727631002529492, 0.9737721976541351, 0.9841643931038486, 0.9650411317725281, 0.9727631002529492, 0.9764424246234276]]
Optional results : []
