baseAlgorithms : ['Kmeans']
repeatBPgen : 1
maxClustSize : 1014
Coverage : 70
patType : tag
V : 99
clustPatDF.shape : (32, 99)
Kmin : 8
Kmax : 8
minAppar : 0
maxAppar : 2
Discriminativeness : 30
nbMaxMoreThan1 : 200
nbMaxLessThan1 : 200
nbMaxDiffThan1 : 400
idObj : 9

--- RESULTS ---

times : [0.0, 0.0, 0.12, 1.05, 247.12]
allClust : [[35, 53, 60, 84, 102, 125, 126, 154, 163, 172, 176, 190, 196, 230, 243, 247, 268, 272, 289, 293, 314, 324, 325, 356, 391, 405, 418, 420, 443, 447, 460, 464, 469, 491, 498, 503, 506, 512, 515, 527, 533, 540, 593, 596, 602, 610, 622, 626, 630, 633, 641, 646, 650, 663, 688, 689, 692, 700, 702, 704, 705, 714, 729, 750, 774, 776, 787, 813, 814, 851, 858, 862, 868, 880, 889, 902, 921, 923, 944, 949, 955, 971, 975, 977, 1002, 1009], [4, 5, 8, 15, 25, 27, 30, 31, 33, 37, 44, 48, 52, 62, 64, 65, 67, 74, 89, 94, 95, 97, 127, 138, 143, 145, 148, 149, 170, 183, 206, 213, 220, 227, 231, 241, 244, 250, 253, 255, 256, 263, 276, 288, 292, 294, 313, 321, 327, 334, 344, 366, 367, 369, 390, 395, 396, 408, 412, 413, 423, 429, 440, 448, 450, 466, 467, 474, 479, 484, 493, 510, 511, 516, 522, 528, 538, 544, 562, 566, 569, 572, 580, 600, 601, 605, 609, 611, 624, 627, 631, 634, 635, 638, 643, 651, 667, 668, 669, 675, 680, 695, 701, 708, 710, 711, 713, 715, 718, 722, 724, 743, 744, 746, 754, 760, 762, 777, 783, 792, 796, 802, 805, 819, 823, 837, 842, 854, 855, 860, 865, 871, 883, 910, 914, 936, 937, 946, 954, 960, 968, 999], [14, 20, 21, 24, 29, 47, 61, 63, 70, 80, 82, 83, 99, 107, 124, 130, 131, 132, 137, 153, 157, 158, 165, 167, 187, 192, 205, 207, 214, 218, 222, 226, 228, 229, 254, 264, 265, 273, 274, 282, 299, 303, 307, 326, 330, 341, 343, 345, 354, 355, 358, 383, 384, 400, 406, 410, 425, 437, 444, 445, 446, 458, 459, 471, 472, 473, 478, 488, 507, 517, 520, 526, 545, 550, 551, 554, 559, 561, 570, 576, 583, 590, 592, 595, 598, 607, 615, 628, 632, 636, 640, 644, 645, 672, 697, 699, 703, 706, 716, 725, 727, 738, 757, 767, 785, 791, 795, 809, 812, 821, 829, 831, 832, 838, 843, 845, 846, 849, 873, 879, 899, 918, 925, 930, 931, 934, 957, 961, 963, 965, 974, 985, 990, 993, 1003, 1004, 1005, 1012, 1013], [9, 36, 39, 46, 66, 78, 81, 92, 114, 119, 121, 123, 140, 156, 161, 162, 179, 184, 185, 217, 224, 235, 240, 266, 275, 278, 297, 309, 315, 328, 374, 376, 379, 393, 398, 401, 416, 417, 419, 433, 439, 477, 482, 490, 502, 555, 575, 581, 585, 589, 603, 608, 621, 642, 654, 678, 683, 687, 709, 719, 748, 751, 753, 761, 778, 782, 804, 810, 816, 833, 835, 836, 847, 870, 881, 884, 896, 922, 924, 948, 950, 956, 962, 972, 1000, 1011], [1, 16, 17, 19, 43, 55, 79, 88, 96, 98, 108, 112, 160, 173, 174, 186, 188, 189, 191, 193, 197, 199, 200, 211, 215, 216, 221, 238, 242, 252, 258, 269, 281, 284, 285, 304, 311, 318, 319, 323, 333, 357, 363, 368, 370, 375, 392, 403, 414, 421, 428, 435, 438, 449, 468, 476, 480, 483, 487, 489, 499, 500, 524, 539, 542, 549, 553, 557, 568, 571, 573, 584, 586, 587, 591, 597, 616, 648, 681, 693, 707, 720, 731, 737, 758, 759, 789, 790, 806, 824, 841, 861, 866, 877, 895, 898, 901, 908, 912, 915, 916, 939, 945, 958, 967, 981, 1007], [23, 26, 28, 34, 51, 57, 59, 72, 86, 90, 101, 105, 113, 116, 146, 150, 151, 168, 177, 182, 201, 212, 246, 251, 257, 271, 277, 291, 296, 298, 308, 338, 342, 347, 359, 360, 361, 377, 378, 382, 385, 387, 388, 389, 394, 404, 455, 456, 461, 492, 494, 497, 505, 508, 513, 514, 519, 529, 530, 532, 578, 579, 588, 594, 599, 618, 625, 649, 652, 653, 658, 660, 676, 686, 691, 721, 723, 730, 732, 745, 764, 768, 769, 784, 788, 794, 811, 830, 834, 840, 856, 863, 867, 888, 890, 894, 911, 913, 943, 953, 964, 966, 969, 979, 982, 989, 991, 1001], [2, 3, 7, 32, 42, 54, 56, 58, 68, 69, 73, 75, 76, 85, 93, 100, 109, 111, 115, 128, 142, 147, 159, 164, 169, 171, 198, 202, 245, 259, 267, 270, 280, 287, 300, 306, 312, 336, 339, 340, 346, 351, 362, 365, 372, 381, 427, 441, 452, 453, 454, 457, 465, 481, 485, 501, 518, 523, 537, 543, 546, 552, 558, 560, 563, 577, 604, 613, 614, 617, 629, 637, 639, 662, 664, 671, 673, 677, 679, 690, 698, 712, 733, 736, 740, 747, 772, 797, 798, 801, 817, 820, 825, 827, 850, 852, 857, 864, 874, 885, 886, 904, 927, 932, 933, 935, 941, 976, 978, 984, 988, 996, 997, 998, 1010], [0, 12, 13, 18, 40, 45, 50, 77, 87, 106, 122, 134, 136, 139, 144, 166, 175, 180, 195, 204, 208, 219, 225, 233, 260, 261, 262, 279, 283, 290, 295, 301, 310, 316, 317, 320, 322, 331, 335, 349, 350, 364, 371, 397, 424, 426, 431, 434, 495, 496, 504, 525, 535, 536, 541, 547, 564, 567, 574, 623, 647, 656, 670, 682, 684, 694, 728, 734, 739, 742, 752, 755, 770, 780, 781, 793, 800, 803, 818, 822, 826, 839, 844, 848, 859, 875, 876, 878, 891, 892, 897, 900, 903, 906, 920, 926, 929, 938, 940, 947, 973, 980, 987, 994, 1008]]
allClustLen : [86, 142, 139, 86, 107, 108, 115, 105]
descrNames : [[['4c3cff428b26be2b1464a3c9ee78c7cf']], [['709a3600dc12d686d1c8f691a0af1e19']], [['392e69c90b63b832ef1b1489027c9c7f']], [['3355182ef981952e841618c19103ef09']], [['582dcbc047b264a41a011f56f86574ba']], [['8c67b76032d571a8d7eca8796ed11752']], [['0c9aa2cd6791f3c44ce75bb46fb0b625']], [['f918da384abe3dbfb19a02f888cbf3b1']]]
descrPatIds : [[15], [0], [21], [25], [27], [20], [24], [28]]
descrTagsIds : [['[4]'], ['[2]'], ['[6]'], ['[3]'], ['[5]'], ['[7]'], ['[1]'], ['[0]']]
nbNotAttrib : 126
nbMultiAttrib : 0
nbOfClusterForEachInstance : [1 1 1 ... 1 1 1]
---- : ----
PCRs : [(0.76, 0.0), (0.94, 0.0), (0.72, 0.0), (0.88, 0.0), (0.72, 0.0), (1.0, 0.0), (0.93, 0.0), (0.86, 0.0)]
DCs : [0.76, 0.94, 0.72, 0.88, 0.72, 1.0, 0.93, 0.86]
IPSs : [(0.92, 0.0), (0.97, 0.0), (0.99, 0.0), (0.96, 0.0), (0.96, 0.0), (0.96, 0.0), (0.99, 0.0), (0.96, 0.0)]
SINGs : [(1.0, 0.0), (1.0, 0.0), (1.0, 0.0), (1.0, 0.0), (1.0, 0.0), (1.0, 0.0), (1.0, 0.0), (1.0, 0.0)]
IPCs : [(0.99, 0.0), (0.99, 0.0), (0.99, 0.0), (0.99, 0.0), (0.96, 0.0), (0.96, 0.0), (1.0, 0.0), (0.96, 0.0)]
patPCRs : [[0.7558139534883721], [0.9436619718309859], [0.7194244604316546], [0.8837209302325582], [0.719626168224299], [1.0], [0.9304347826086956], [0.8571428571428571]]
patDCs : []
patIPSs : [[0.9202586206896551], [0.9701834862385321], [0.9942857142857143], [0.9558189655172413], [0.9636163175303197], [0.9580573951434879], [0.9944382647385984], [0.9614961496149614]]
patSINGs : [[1.0], [1.0], [1.0], [1.0], [1.0], [1.0], [1.0], [1.0]]
patIPCs : [[0.9881670978250455], [0.9906453601351145], [0.9943335299779551], [0.9891735506204932], [0.956862075598183], [0.95667909728301], [0.9983388704318937], [0.9557754358367939]]
Optional results : []
