4;11;12;14;30;38;42;43;47;50;52;53;55;60;61;62;63;67;69;71;72;75;79;80;83;84;86;88;92;94;97;100;101;103;108
0;1;2;3;5;6;7;8;9;10;13;15;16;17;18;19;20;21;22;23;24;25;26;27;28;29;31;32;33;34;35;36;37;39;40;41;44;45;46;48;49;51;54;56;57;58;59;64;65;66;68;70;73;74;76;77;78;81;82;85;87;89;90;91;93;95;96;98;99;102;104;105;106;107;109
0;1;2;3;5;6;7;8;9;13;15;16;17;18;19;20;21;22;23;24;25;26;27;28;31;32;34;35;36;37;39;40;41;44;45;46;48;49;51;54;56;58;59;62;64;65;66;68;70;73;74;76;77;78;81;82;85;87;89;90;91;93;95;96;98;99;102;104;105;106;107;109
4;11;12;14;30;38;42;52;53;55;60;61;63;69;71;75;79;80;83;84;86;88;92;94;97;101;103;108
10;29;33;43;47;50;57;67;72;100
0;1;2;3;6;7;8;9;13;15;16;17;18;19;20;21;22;23;24;25;26;27;28;31;35;36;37;39;40;41;44;45;46;48;49;51;54;56;58;59;64;68;70;73;74;76;77;78;81;82;85;87;89;91;93;95;96;98;99;102;104;105;107;109
4;11;14;30;38;42;55;61;62;63;69;71;75;79;80;83;84;86;92;97;101;108
5;12;32;34;52;53;60;65;66;72;88;90;94;103;106
10;29;33;43;47;50;57;67;100
0;1;2;3;5;6;7;8;13;15;16;19;20;21;23;24;25;27;28;32;34;35;36;37;39;40;45;46;54;56;58;59;62;64;65;68;70;73;76;77;78;82;85;87;89;93;95;96;99;102;104;105;107;109
12;52;53;60;63;66;69;71;72;88;90;94;97;103;106
9;17;18;22;26;31;41;44;48;49;51;74;81;91;98
10;29;33;43;47;50;57;67;100
4;11;14;30;38;42;55;61;75;79;80;83;84;86;92;101;108
11;12;14;30;38;42;52;53;60;61;63;69;71;79;80;83;84;86;88;94;97;103
9;17;18;22;26;31;41;44;48;49;51;74;81;91;98
0;1;2;3;8;13;15;16;19;21;23;24;25;28;35;37;39;40;45;46;54;59;62;64;73;77;78;82;85;87;89;96;99;102;104;105;107;109
5;6;7;20;27;32;34;36;56;58;65;66;68;70;72;76;90;93;95;106
10;29;33;43;47;50;57;67;100
4;55;75;92;101;108
0;1;2;3;8;13;15;16;19;21;23;24;25;28;35;37;39;40;45;46;54;59;62;64;73;77;78;82;85;87;89;96;99;102;104;105;107;109
11;12;14;30;38;42;52;53;60;61;63;69;71;79;80;83;84;88;94;97;103
4;55;75;92;101;108
9;17;18;22;26;31;41;44;48;49;51;74;81;91;98
10;29;33;43;47;50;57;67;100
6;7;20;27;36;56;58;68;70;72;76;86;93;95
5;32;34;65;66;90;106
6;7;20;27;36;56;58;66;68;70;72;76;93;95
0;1;2;3;8;13;15;16;19;21;23;24;25;28;35;37;39;40;45;46;54;59;62;64;73;77;78;82;85;87;89;96;99;102;104;105;107;109
4;11;14;30;38;42;61;79;80;83;84;86;101
55;75;92;108
10;29;33;43;47;50;57;67;100
12;52;53;60;63;69;71;88;94;97;103
5;32;34;65;90;106
9;17;18;22;26;31;41;44;48;49;51;74;81;91;98
55;75;92;108
9;17;18;22;26;31;41;44;48;49;51;74;81;91;98
4;11;14;30;38;42;61;63;71;79;80;83;84;86;101
0;1;2;3;8;13;15;16;19;21;23;24;25;28;35;39;40;45;54;59;62;64;73;77;78;82;85;87;89;96;99;102;104;105;109
5;32;34;37;65;90;106;107
10;29;33;43;47;50;57;67;100
12;52;53;60;69;88;94;97;103
66;72
6;7;20;27;36;46;56;58;68;70;76;93;95
7;76;86
5;32;34;65;90;106
6;20;27;36;56;58;66;68;70;72;93;95
0;1;2;3;8;13;15;16;19;21;23;24;25;28;35;37;39;40;45;46;54;59;62;64;73;77;78;82;85;87;89;96;99;102;104;105;107;109
12;52;53;60;69;88;94;97;103
4;11;14;30;38;42;61;63;71;79;80;83;84;101
10;29;33;57
55;75;92;108
9;17;18;22;26;31;41;44;48;49;51;74;81;91;98
43;47;50;67;100
12;63;69;71;83
6;7;20;36;46;56;58;68;70;76;93;95
52;53;60;88;94;97;103
10;43;47;50;67;100
0;1;2;3;8;13;15;16;19;21;23;24;25;28;35;39;40;45;54;59;62;64;73;77;78;82;85;87;89;96;99;102;104;105;109
9;17;18;22;26;31;41;44;48;49;51;74;81;91;98
4;11;14;30;38;42;61;79;80;84;86;101;108
27;66;72
55;75;92
5;32;34;37;65;90;106;107
29;33;57
0;1;2;3;8;13;15;16;19;21;23;24;25;28;35;37;39;40;45;46;54;59;62;64;73;77;78;82;85;87;89;96;99;102;104;105;107;109
10;29;33;57
4;11;14;30;38;42;61;79;80;84;86;101
43;47;50;67;100
9;17;18;22;26;31;41;44;48;49;51;74;81;91;98
55;75;92;108
5;32;34;65;90;106
53;103
6;7;20;27;36;56;58;68;70;76;93;95
66;72
83
12;52;60;63;69;71;88;94;97
4;11;14;38;42;61;79;80;84;86;101
0;1;2;3;8;13;15;16;19;21;23;24;25;28;35;37;39;40;45;54;59;62;64;73;77;78;82;85;87;89;96;99;102;104;105;107;109
30;53;103
43;47;50;67;100
6;7;20;36;46;56;58;68;70;76;93;95
55;75;92
9;17;18;22;26;31;41;44;48;49;51;74;81;91;98
10;29;33;57
52;60;69;88;94
108
5;32;34;65;90;106
27;66;72
12;63;71;83;97
12;53;103
0;1;2;3;8;13;15;16;19;21;23;24;25;28;35;37;39;40;45;54;59;62;64;73;77;78;82;85;87;89;96;99;102;104;105;107;109
4;11;14;30;38;42;61;79;80;84;86;101
9;17;18;22;26;31;41;44;48;49;51;74;81;91;98
6;20;27;36;56;58;68;70;93;95
43;47;50;67;100
5;32;34;65;90;106
52;60;88;94
63;69;71;83;97
55;75;92
66;72
10;29;33;57
108
7;46;76
