baseAlgorithms : ['Kmeans']
repeatBPgen : 1
maxClustSize : 110
Coverage : 30
patType : pat
V : 102
clustPatDF.shape : (25, 102)
Kmin : 2
Kmax : 15
minAppar : 0
maxAppar : 2
Discriminativeness : 10
nbMaxMoreThan1 : 20
nbMaxLessThan1 : 20
nbMaxDiffThan1 : 40
idObj : 9

--- RESULTS ---

times : [0.14, 0.0, 0.95, 0.16, 14.36]
allClust : [[0, 1, 2, 3, 6, 7, 8, 9, 13, 15, 16, 17, 18, 19, 20, 21, 22, 23, 24, 25, 26, 27, 28, 31, 35, 36, 37, 39, 40, 41, 44, 45, 46, 48, 49, 51, 54, 56, 58, 59, 64, 68, 70, 73, 74, 76, 77, 78, 81, 82, 85, 87, 89, 91, 93, 95, 96, 98, 99, 102, 104, 105, 107, 109], [11, 12, 14, 30, 38, 42, 52, 53, 60, 61, 63, 69, 71, 79, 80, 83, 84, 86, 88, 94, 97, 103], [4, 55, 75, 92, 101, 108], [66, 72], [5, 32, 34, 37, 65, 90, 106, 107]]
allClustLen : [64, 22, 6, 2, 8]
descrNames : [[['NbVars<=2.0', 'NbParams<=1.0', 'HasForLoop', 'InstDepth>3.0', 'HasIfInLoop', 'NbReturns<=1.0', 'NbTokens<=75.0', 'PassedTestCases', 'NbLines<=10.0']], [['NbVars<=2.0', 'NbParams<=1.0', 'HasForLoop', 'userdId_21', 'InstDepth<=3.0', 'HasIfInLoop', 'NbReturns<=1.0', 'NbTokens<=75.0', 'NbLines<=10.0']], [['NbVars<=2.0', 'userdId_14', 'NbParams<=1.0', 'HasForLoop', 'InstDepth>3.0', 'HasIfInLoop', 'NbReturns<=1.0', 'NbTokens<=75.0', 'NbLines<=10.0']], [['NbVars>2.0', 'NbParams<=1.0', 'HasIf', 'InstDepth<=3.0', 'NbReturns<=1.0', 'userdId_16', 'NbTokens<=75.0', 'NbLines<=10.0']], [['NbVars<=2.0', 'NbParams<=1.0', 'HasForLoop', 'userdId_24', 'InstDepth<=3.0', 'HasIfInLoop', 'NbReturns<=1.0', 'NbTokens<=75.0', 'NbLines<=10.0']]]
descrPatIds : [[3], [4, 6], [8, 12], [14, 15], [7]]
descrTagsIds : [['[32, 34, 36, 37, 39, 44, 47, 49, 54, 56, 30]'], ['[32, 34, 36, 37, 39, 11, 43, 47, 49, 54, 30]', '[32, 34, 36, 5, 37, 39, 43, 47, 49, 54, 30]'], ['[32, 2, 34, 36, 37, 39, 44, 47, 49, 54, 30]', '[33, 34, 36, 5, 37, 39, 43, 47, 49, 54, 30]'], ['[33, 34, 39, 43, 49, 20, 54, 30]', '[33, 34, 36, 37, 39, 44, 47, 49, 20, 54, 30]'], ['[32, 34, 36, 37, 6, 39, 43, 47, 49, 54, 30]']]
nbNotAttrib : 10
nbMultiAttrib : 2
nbOfClusterForEachInstance : [1 1 1 1 1 1 1 1 1 1 0 1 1 1 1 1 1 1 1 1 1 1 1 1 1 1 1 1 1 0 1 1 1 0 1 1 1
 2 1 1 1 1 1 0 1 1 1 0 1 1 0 1 1 1 1 1 1 0 1 1 1 1 0 1 1 1 1 0 1 1 1 1 1 1
 1 1 1 1 1 1 1 1 1 1 1 1 1 1 1 1 1 1 1 1 1 1 1 1 1 1 0 1 1 1 1 1 1 2 1 1]
---- : ----
PCRs : [(0.42, 0.0), (0.39, 0.02), (0.42, 0.08), (0.5, 0.0), (0.62, 0.0)]
DCs : [0.42, 0.77, 0.83, 1.0, 0.62]
IPSs : [(0.98, 0.0), (0.98, 0.02), (0.96, 0.02), (1.0, 0.0), (1.0, 0.0)]
SINGs : [(0.75, 0.0), (0.75, 0.0), (0.75, 0.0), (1.0, 0.0), (0.75, 0.0)]
IPCs : [(0.99, 0.0), (1.0, 0.0), (0.98, 0.0), (1.0, 0.0), (1.0, 0.0)]
patPCRs : [[0.421875], [0.4090909090909091, 0.36363636363636365], [0.5, 0.3333333333333333], [0.5, 0.5], [0.625]]
patDCs : []
patIPSs : [[0.9782608695652174], [0.9545454545454546, 1.0], [0.9326923076923077, 0.9807692307692307], [1.0, 1.0], [1.0]]
patSINGs : [[0.75], [0.75, 0.75], [0.75, 0.75], [1.0, 1.0], [0.75]]
patIPCs : [[0.9886363636363636], [0.9921875, 1.0], [0.984375, 0.9772727272727273], [1.0, 1.0], [1.0]]
Optional results : []
