baseAlgorithms : ['Kmeans']
repeatBPgen : 2
maxClustSize : 159
Coverage : 70
patType : pat
V : 54
clustPatDF.shape : (897, 54)
Kmin : 3
Kmax : 4
minAppar : 0
maxAppar : 2
Discriminativeness : 10
nbMaxMoreThan1 : 15
nbMaxLessThan1 : 15
nbMaxDiffThan1 : 30
idObj : 5

--- RESULTS ---

times : [0.0, 0.0, 0.85, 4.95, 93.64]
allClust : [[32, 44, 45, 46, 47, 48], [0, 8, 9, 10, 11, 12, 13, 14, 15, 16, 17, 18, 19, 20, 21, 22, 23, 24, 25, 26, 27, 28, 29, 30, 31, 33, 34, 35, 36, 37, 38, 39, 40, 41, 42, 49, 50, 51, 52, 53, 54, 55, 56, 57, 58, 59, 60, 61, 62, 63, 64, 65, 66, 67, 68, 69, 70, 71, 73, 77, 78, 84, 85, 86, 87, 88, 89, 91, 92, 97, 98, 99, 100, 101, 102, 103, 104, 105, 106, 107, 108, 109, 110, 111, 112, 113, 114, 115, 116, 117, 118, 119, 120, 121, 122, 123, 124, 125, 126, 127, 128, 129, 130, 132, 133, 134, 135, 136, 140, 141, 142, 143, 144, 145, 146, 147, 148, 149], [0, 1, 2, 4, 5, 6, 7, 18, 30, 43, 71, 72, 73, 74, 75, 76, 78, 79, 80, 81, 82, 83, 90, 93, 94, 95, 96, 131, 137, 138, 139, 148, 149, 150, 151, 152, 153, 154, 155, 156, 157, 158]]
allClustLen : [6, 118, 42]
descrNames : [[['symboling_inf', 'wheel-base_sup', 'length_sup', 'width_sup', 'curb-weight_sup', 'engine-size_sup', 'bore_sup', 'stroke_sup', 'horsepower_sup', 'peak-rpm_inf', 'city-mpg_inf', 'highway-mpg_inf', 'rwd', 'front'], ['length_sup', 'width_sup', 'curb-weight_sup', 'engine-size_sup', 'bore_sup', 'horsepower_sup', 'peak-rpm_inf', 'city-mpg_inf', 'highway-mpg_inf', 'mercedes-benz', 'rwd', 'front']], [['std', 'fwd', 'front', 'four'], ['city-mpg_sup', 'front'], ['city-mpg_sup', 'front', 'four'], ['highway-mpg_sup', 'front']], [['length_sup', 'height_sup', 'horsepower_sup', 'city-mpg_inf', 'highway-mpg_inf', 'gas', 'front', 'mpfi']]]
descrPatIds : [[94, 95], [17, 24, 25, 26], [145]]
descrTagsIds : [['[0, 5, 7, 9, 13, 15, 17, 19, 23, 24, 26, 28, 65, 66]', '[7, 9, 13, 15, 17, 23, 24, 26, 28, 39, 65, 66]'], ['[54, 64, 66, 77]', '[27, 66]', '[27, 66, 77]', '[29, 66]'], ['[7, 11, 23, 26, 28, 53, 66, 87]']]
nbNotAttrib : 1
nbMultiAttrib : 8
nbOfClusterForEachInstance : [2 1 1 0 1 1 1 1 1 1 1 1 1 1 1 1 1 1 2 1 1 1 1 1 1 1 1 1 1 1 2 1 1 1 1 1 1
 1 1 1 1 1 1 1 1 1 1 1 1 1 1 1 1 1 1 1 1 1 1 1 1 1 1 1 1 1 1 1 1 1 1 2 1 2
 1 1 1 1 2 1 1 1 1 1 1 1 1 1 1 1 1 1 1 1 1 1 1 1 1 1 1 1 1 1 1 1 1 1 1 1 1
 1 1 1 1 1 1 1 1 1 1 1 1 1 1 1 1 1 1 1 1 1 1 1 1 1 1 1 1 1 1 1 1 1 1 1 1 1
 2 2 1 1 1 1 1 1 1 1 1]
---- : ----
PCRs : [(0.83, 0.0), (0.72, 0.01), (0.71, 0.0)]
DCs : [1.0, 0.83, 0.71]
IPSs : [(1.0, 0.0), (0.95, 0.01), (0.96, 0.0)]
SINGs : [(1.0, 0.0), (1.0, 0.0), (1.0, 0.0)]
IPCs : [(1.0, 0.0), (0.96, 0.01), (0.96, 0.0)]
patPCRs : [[0.8333333333333334, 0.8333333333333334], [0.7372881355932204, 0.7203389830508474, 0.711864406779661, 0.7033898305084746], [0.7142857142857143]]
patDCs : []
patIPSs : [[1.0, 1.0], [0.9512195121951219, 0.926829268292683, 0.9512195121951219, 0.9512195121951219], [0.9572649572649573]]
patSINGs : [[1.0, 1.0], [1.0, 1.0, 1.0, 1.0], [1.0]]
patIPCs : [[1.0, 1.0], [0.9523809523809523, 0.9523809523809523, 0.9642857142857143, 0.9642857142857143], [0.9576271186440678]]
Optional results : [[30147.0, 8506.31, 17090.02], [3142.11, 2099.77, 2660.23]]
