baseAlgorithms : ['Kmeans']
repeatBPgen : 2
maxClustSize : 159
Coverage : 70
patType : pat
V : 54
clustPatDF.shape : (897, 54)
Kmin : 3
Kmax : 4
minAppar : 0
maxAppar : 2
Discriminativeness : 10
nbMaxMoreThan1 : 15
nbMaxLessThan1 : 15
nbMaxDiffThan1 : 30
idObj : 2

--- RESULTS ---

times : [0.0, 0.0, 0.85, 4.95, 89.26]
allClust : [[0, 1, 2, 4, 5, 6, 7, 18, 30, 43, 71, 72, 73, 74, 75, 76, 78, 79, 80, 81, 82, 83, 90, 93, 94, 95, 96, 131, 137, 138, 139, 148, 149, 150, 151, 152, 153, 154, 155, 156, 157, 158], [32, 44, 45, 46, 47, 48], [8, 9, 10, 11, 12, 13, 14, 15, 16, 17, 19, 20, 21, 22, 23, 24, 25, 26, 27, 28, 29, 31, 33, 34, 35, 36, 37, 38, 39, 40, 41, 42, 49, 50, 51, 52, 53, 54, 55, 56, 57, 58, 59, 60, 61, 62, 63, 64, 65, 66, 67, 68, 69, 70, 77, 84, 85, 86, 87, 88, 89, 91, 92, 97, 98, 99, 100, 101, 102, 103, 104, 105, 106, 107, 108, 109, 110, 111, 112, 113, 114, 115, 116, 117, 118, 119, 120, 121, 122, 123, 124, 125, 126, 127, 128, 129, 130, 132, 133, 134, 135, 136, 140, 141, 142, 143, 144, 145, 146, 147]]
allClustLen : [42, 6, 110]
descrNames : [[['length_sup', 'height_sup', 'horsepower_sup', 'city-mpg_inf', 'highway-mpg_inf', 'gas', 'front', 'mpfi']], [['symboling_inf', 'wheel-base_sup', 'length_sup', 'width_sup', 'curb-weight_sup', 'engine-size_sup', 'bore_sup', 'stroke_sup', 'horsepower_sup', 'peak-rpm_inf', 'city-mpg_inf', 'highway-mpg_inf', 'rwd', 'front'], ['length_sup', 'width_sup', 'curb-weight_sup', 'engine-size_sup', 'bore_sup', 'horsepower_sup', 'peak-rpm_inf', 'city-mpg_inf', 'highway-mpg_inf', 'mercedes-benz', 'rwd', 'front']], [['std', 'fwd', 'front', 'four'], ['gas', 'std', 'fwd', 'front', 'four'], ['std', 'fwd', 'front', 'ohc', 'four'], ['city-mpg_sup', 'front'], ['city-mpg_sup', 'front', 'four'], ['city-mpg_sup', 'std', 'front'], ['city-mpg_sup', 'std', 'front', 'four'], ['highway-mpg_sup', 'front'], ['highway-mpg_sup', 'front', 'four'], ['highway-mpg_sup', 'std', 'front'], ['highway-mpg_sup', 'std', 'front', 'four'], ['highway-mpg_sup', 'fwd', 'front'], ['city-mpg_sup', 'highway-mpg_sup', 'front'], ['city-mpg_sup', 'highway-mpg_sup', 'front', 'four'], ['curb-weight_inf', 'front']]]
descrPatIds : [[145], [94, 95], [17, 96, 98, 24, 25, 99, 100, 26, 101, 102, 103, 104, 105, 106, 107]]
descrTagsIds : [['[7, 11, 23, 26, 28, 53, 66, 87]'], ['[0, 5, 7, 9, 13, 15, 17, 19, 23, 24, 26, 28, 65, 66]', '[7, 9, 13, 15, 17, 23, 24, 26, 28, 39, 65, 66]'], ['[54, 64, 66, 77]', '[53, 54, 64, 66, 77]', '[54, 64, 66, 71, 77]', '[27, 66]', '[27, 66, 77]', '[27, 54, 66]', '[27, 54, 66, 77]', '[29, 66]', '[29, 66, 77]', '[29, 54, 66]', '[29, 54, 66, 77]', '[29, 64, 66]', '[27, 29, 66]', '[27, 29, 66, 77]', '[12, 66]']]
nbNotAttrib : 1
nbMultiAttrib : 0
nbOfClusterForEachInstance : [1 1 1 0 1 1 1 1 1 1 1 1 1 1 1 1 1 1 1 1 1 1 1 1 1 1 1 1 1 1 1 1 1 1 1 1 1
 1 1 1 1 1 1 1 1 1 1 1 1 1 1 1 1 1 1 1 1 1 1 1 1 1 1 1 1 1 1 1 1 1 1 1 1 1
 1 1 1 1 1 1 1 1 1 1 1 1 1 1 1 1 1 1 1 1 1 1 1 1 1 1 1 1 1 1 1 1 1 1 1 1 1
 1 1 1 1 1 1 1 1 1 1 1 1 1 1 1 1 1 1 1 1 1 1 1 1 1 1 1 1 1 1 1 1 1 1 1 1 1
 1 1 1 1 1 1 1 1 1 1 1]
---- : ----
PCRs : [(0.71, 0.0), (0.83, 0.0), (0.73, 0.02)]
DCs : [0.71, 1.0, 0.89]
IPSs : [(0.96, 0.0), (1.0, 0.0), (0.96, 0.03)]
SINGs : [(1.0, 0.0), (1.0, 0.0), (1.0, 0.0)]
IPCs : [(0.98, 0.0), (1.0, 0.0), (0.97, 0.02)]
patPCRs : [[0.7142857142857143], [0.8333333333333334, 0.8333333333333334], [0.7727272727272727, 0.7272727272727273, 0.7090909090909091, 0.7636363636363637, 0.7545454545454545, 0.7454545454545455, 0.7363636363636363, 0.7454545454545455, 0.7363636363636363, 0.7272727272727273, 0.7181818181818181, 0.7090909090909091, 0.7181818181818181, 0.7090909090909091, 0.7090909090909091]]
patDCs : []
patIPSs : [[0.9572649572649573], [1.0, 1.0], [0.9183673469387755, 0.9183673469387755, 0.9183673469387755, 0.9183673469387755, 0.9387755102040817, 1.0, 1.0, 0.9387755102040817, 0.9387755102040817, 1.0, 1.0, 1.0, 0.9387755102040817, 0.9387755102040817, 0.9795918367346939]]
patSINGs : [[1.0], [1.0, 1.0], [1.0, 1.0, 1.0, 1.0, 1.0, 1.0, 1.0, 1.0, 1.0, 1.0, 1.0, 1.0, 1.0, 1.0, 1.0]]
patIPCs : [[0.9818181818181818], [1.0, 1.0], [0.9523809523809523, 0.9523809523809523, 0.9523809523809523, 0.9523809523809523, 0.9642857142857143, 1.0, 1.0, 0.9642857142857143, 0.9642857142857143, 1.0, 1.0, 1.0, 0.9642857142857143, 0.9642857142857143, 0.9880952380952381]]
Optional results : [[17090.02, 30147.0, 8157.57], [2660.23, 3142.11, 1711.04]]
