baseAlgorithms : ['Kmeans']
repeatBPgen : 2
maxClustSize : 159
Coverage : 70
patType : pat
V : 40
clustPatDF.shape : (750, 40)
Kmin : 3
Kmax : 3
minAppar : 0
maxAppar : 2
Discriminativeness : 10
nbMaxMoreThan1 : 15
nbMaxLessThan1 : 15
nbMaxDiffThan1 : 30
idObj : 9

--- RESULTS ---

times : [0.0, 0.0, 0.98, 4.84, 212.67]
allClust : [[1, 2, 3, 4, 5, 6, 7, 43, 74, 75, 76, 79, 80, 81, 82, 83, 90, 93, 94, 95, 96, 131, 137, 138, 139, 150, 151, 152, 153, 154, 155, 156, 157, 158], [32, 44, 45, 46, 47, 48], [0, 8, 9, 10, 11, 12, 13, 14, 15, 16, 17, 18, 19, 20, 21, 22, 23, 24, 25, 26, 27, 28, 29, 30, 31, 33, 34, 35, 36, 37, 38, 39, 40, 41, 42, 49, 50, 51, 52, 53, 54, 55, 56, 57, 58, 59, 60, 61, 62, 63, 64, 65, 66, 67, 68, 69, 70, 71, 73, 77, 78, 84, 85, 86, 87, 88, 89, 91, 92, 97, 98, 99, 100, 101, 102, 103, 104, 105, 106, 107, 108, 109, 110, 111, 112, 113, 114, 115, 116, 117, 118, 119, 120, 121, 122, 123, 124, 125, 126, 127, 128, 129, 130, 132, 133, 134, 135, 136, 140, 141, 142, 143, 144, 145, 146, 147, 148, 149]]
allClustLen : [34, 6, 118]
descrNames : [[['wheel-base>96.9', 'length>172.4', 'height>54.1', 'curb-weight>2340.0', 'horsepower>88.0', 'city-mpg<=26.0', 'highway-mpg<=32.0', 'gas', 'front', 'mpfi']], [['symboling<=1.0', 'wheel-base>96.9', 'length>172.4', 'width>65.4', 'curb-weight>2340.0', 'engine-size>110.0', 'bore>3.27', 'stroke>3.27', 'horsepower>88.0', 'peak-rpm<=5200.0', 'city-mpg<=26.0', 'highway-mpg<=32.0', 'rwd', 'front'], ['length>172.4', 'width>65.4', 'curb-weight>2340.0', 'engine-size>110.0', 'bore>3.27', 'horsepower>88.0', 'peak-rpm<=5200.0', 'city-mpg<=26.0', 'highway-mpg<=32.0', 'mercedes-benz', 'rwd', 'front']], [['std', 'fwd', 'front'], ['std', 'fwd', 'front', 'four'], ['gas', 'std', 'fwd', 'front'], ['fwd', 'front', 'ohc', 'four'], ['city-mpg>26.0', 'front'], ['city-mpg>26.0', 'front', 'four'], ['highway-mpg>32.0', 'front']]]
descrPatIds : [[456], [145, 146], [16, 17, 18, 19, 24, 25, 26]]
descrTagsIds : [['[5, 7, 11, 13, 23, 26, 28, 53, 66, 87]'], ['[0, 5, 7, 9, 13, 15, 17, 19, 23, 24, 26, 28, 65, 66]', '[7, 9, 13, 15, 17, 23, 24, 26, 28, 39, 65, 66]'], ['[54, 64, 66]', '[54, 64, 66, 77]', '[53, 54, 64, 66]', '[64, 66, 71, 77]', '[27, 66]', '[27, 66, 77]', '[29, 66]']]
nbNotAttrib : 1
nbMultiAttrib : 0
nbOfClusterForEachInstance : [1 1 1 1 1 1 1 1 1 1 1 1 1 1 1 1 1 1 1 1 1 1 1 1 1 1 1 1 1 1 1 1 1 1 1 1 1
 1 1 1 1 1 1 1 1 1 1 1 1 1 1 1 1 1 1 1 1 1 1 1 1 1 1 1 1 1 1 1 1 1 1 1 0 1
 1 1 1 1 1 1 1 1 1 1 1 1 1 1 1 1 1 1 1 1 1 1 1 1 1 1 1 1 1 1 1 1 1 1 1 1 1
 1 1 1 1 1 1 1 1 1 1 1 1 1 1 1 1 1 1 1 1 1 1 1 1 1 1 1 1 1 1 1 1 1 1 1 1 1
 1 1 1 1 1 1 1 1 1 1 1]
---- : ----
PCRs : [(0.71, 0.0), (0.83, 0.0), (0.73, 0.02)]
DCs : [0.71, 1.0, 0.9]
IPSs : [(0.93, 0.0), (1.0, 0.0), (0.93, 0.02)]
SINGs : [(1.0, 0.0), (1.0, 0.0), (1.0, 0.0)]
IPCs : [(0.97, 0.0), (1.0, 0.0), (0.96, 0.01)]
patPCRs : [[0.7058823529411765], [0.8333333333333334, 0.8333333333333334], [0.7627118644067796, 0.7372881355932204, 0.7203389830508474, 0.7457627118644068, 0.7203389830508474, 0.711864406779661, 0.7033898305084746]]
patDCs : []
patIPSs : [[0.928], [1.0, 1.0], [0.9024390243902439, 0.9512195121951219, 0.9024390243902439, 0.9512195121951219, 0.926829268292683, 0.9512195121951219, 0.9512195121951219]]
patSINGs : [[1.0], [1.0, 1.0], [1.0, 1.0, 1.0, 1.0, 1.0, 1.0, 1.0]]
patIPCs : [[0.9661016949152542], [1.0, 1.0], [0.9558823529411764, 0.9705882352941176, 0.9558823529411764, 0.9705882352941176, 0.9558823529411764, 0.9705882352941176, 0.9705882352941176]]
Optional results : [[18260.15, 30147.0, 8506.31], [2260.6, 3142.11, 2099.77]]
