baseAlgorithms : ['Kmeans', 'Spectral']
repeatBPgen : 1
maxClustSize : 125
Coverage : 50
patType : pat
V : 208
clustPatDF.shape : (61, 208)
Kmin : 2
Kmax : 15
minAppar : 0
maxAppar : 2
Discriminativeness : 30
nbMaxMoreThan1 : 20
nbMaxLessThan1 : 20
nbMaxDiffThan1 : 40
idObj : 9

--- RESULTS ---

times : [0.0, 0.0, 1.27, 0.62, 147.74]
allClust : [[42, 55, 80, 102, 121], [17, 18, 20, 39, 45, 64, 81, 83, 92, 110], [21, 27, 30, 52, 95, 106, 107, 124], [5, 10, 24, 76, 77, 97, 111], [13, 38, 86, 87, 89, 91, 114], [2, 19, 26, 33, 40, 59, 61, 62, 63, 67, 70, 72, 73, 75, 85, 88, 93, 117, 119, 122], [9, 12, 14, 35, 43, 47, 49, 50, 66, 74, 84, 105, 113], [4, 23, 25, 41, 54, 58, 60, 123], [1, 8, 29, 32, 48, 53, 57, 69, 96, 101, 115], [0, 11, 22, 37, 44, 51, 56, 90, 94, 98, 100, 103, 112], [3, 7, 28, 31, 34, 68, 71, 108, 116], [46, 118, 120]]
allClustLen : [5, 10, 8, 7, 7, 20, 13, 8, 11, 13, 9, 3]
descrNames : [[['userdId_18', 'NbLines>10.0', 'NbVars>2.0', 'NbParams>1.0', 'HasWhileLoop', 'InstDepth>3.0', 'HasIfInLoop', 'NbReturns<=1.0', 'NbTokens>75.0']], [['userdId_12', 'NbLines>10.0', 'NbVars>2.0', 'NbParams>1.0', 'HasWhileLoop', 'InstDepth<=3.0', 'HasIfInLoop', 'NbReturns<=1.0']], [['userdId_13', 'NbLines>10.0', 'NbVars>2.0', 'NbParams>1.0', 'HasWhileLoop', 'InstDepth<=3.0', 'HasIfInLoop', 'NbReturns<=1.0', 'NbTokens<=75.0']], [['userdId_50', 'NbLines>10.0', 'NbVars>2.0', 'NbParams>1.0', 'HasWhileLoop', 'InstDepth<=3.0', 'HasIfInLoop', 'NbReturns<=1.0']], [['userdId_16', 'NbLines>10.0', 'NbVars>2.0', 'NbParams>1.0', 'HasWhileLoop', 'InstDepth<=3.0', 'HasIfInLoop', 'NbReturns<=1.0', 'NbTokens<=75.0']], [['NbLines>10.0', 'NbParams>1.0', 'HasWhileLoop', 'InstDepth<=3.0', 'HasIfInLoop', 'HasComment']], [['NbLines>10.0', 'NbVars>2.0', 'NbParams>1.0', 'HasWhileLoop', 'InstDepth<=3.0', 'HasIfInLoop', 'NbTokens>75.0', 'PassedTestCases']], [['NbLines<=10.0', 'NbVars<=2.0', 'NbParams>1.0', 'HasWhileLoop', 'InstDepth<=3.0', 'HasIfInLoop', 'NbReturns<=1.0', 'NbTokens<=75.0']], [['userdId_4', 'NbLines>10.0', 'NbVars>2.0', 'NbParams>1.0', 'HasWhileLoop', 'InstDepth>3.0', 'HasNestedIfs', 'HasIfInLoop', 'NbReturns<=1.0']], [['userdId_36', 'NbLines>10.0', 'NbVars>2.0', 'NbParams>1.0', 'HasWhileLoop', 'InstDepth<=3.0', 'HasIfInLoop', 'NbReturns<=1.0', 'NbTokens>75.0']], [['userdId_21', 'NbVars>2.0', 'NbParams>1.0', 'HasWhileLoop', 'InstDepth<=3.0', 'HasIfInLoop', 'NbReturns<=1.0', 'NbTokens<=75.0']], [['userdId_27', 'NbLines>10.0', 'NbVars>2.0', 'NbParams>1.0', 'HasWhileLoop', 'HasIfInLoop', 'NbReturns<=1.0', 'NbTokens>75.0']]]
descrPatIds : [[33], [44], [34], [39], [46], [48, 30], [52], [31], [42, 54], [59], [37], [40]]
descrTagsIds : [['[19, 27, 29, 31, 32, 34, 35, 40, 43, 45, 51]'], ['[5, 27, 29, 31, 32, 34, 35, 39, 43, 45]'], ['[8, 27, 29, 31, 32, 34, 35, 39, 43, 45, 50]'], ['[11, 27, 29, 31, 32, 34, 35, 39, 43, 45]'], ['[14, 27, 29, 31, 32, 34, 35, 39, 43, 45, 50]'], ['[27, 31, 32, 34, 35, 39, 43, 48]', '[15, 27, 29, 31, 32, 34, 35, 39, 43, 45, 48, 51]'], ['[27, 29, 31, 32, 34, 35, 39, 43, 51, 52]'], ['[26, 28, 31, 32, 34, 35, 39, 43, 45, 50]'], ['[2, 27, 29, 31, 32, 34, 35, 40, 42, 43, 45]', '[27, 29, 31, 32, 34, 35, 40, 42, 43, 45, 51]'], ['[1, 27, 29, 31, 32, 34, 35, 39, 43, 45, 51]'], ['[4, 29, 31, 32, 34, 35, 39, 43, 45, 50]'], ['[20, 27, 29, 31, 32, 34, 35, 43, 45, 51]']]
nbNotAttrib : 11
nbMultiAttrib : 0
nbOfClusterForEachInstance : [1 1 1 1 1 1 0 1 1 1 1 1 1 1 1 0 0 1 1 1 1 1 1 1 1 1 1 1 1 1 1 1 1 1 1 1 0
 1 1 1 1 1 1 1 1 1 1 1 1 1 1 1 1 1 1 1 1 1 1 1 1 1 1 1 1 0 1 1 1 1 1 1 1 1
 1 1 1 1 0 0 1 1 0 1 1 1 1 1 1 1 1 1 1 1 1 1 1 1 1 0 1 1 1 1 0 1 1 1 1 0 1
 1 1 1 1 1 1 1 1 1 1 1 1 1 1]
---- : ----
PCRs : [(1.0, 0.0), (0.8, 0.0), (1.0, 0.0), (0.71, 0.0), (0.71, 0.0), (0.78, 0.22), (0.54, 0.0), (0.75, 0.0), (0.77, 0.05), (0.54, 0.0), (0.78, 0.0), (1.0, 0.0)]
DCs : [1.0, 0.8, 1.0, 0.71, 0.71, 1.0, 0.54, 0.75, 0.91, 0.54, 0.78, 1.0]
IPSs : [(1.0, 0.0), (0.99, 0.0), (0.99, 0.0), (1.0, 0.0), (1.0, 0.0), (1.0, 0.0), (0.91, 0.0), (0.98, 0.0), (1.0, 0.0), (1.0, 0.0), (0.98, 0.0), (0.99, 0.0)]
SINGs : [(1.0, 0.0), (1.0, 0.0), (1.0, 0.0), (1.0, 0.0), (1.0, 0.0), (1.0, 0.0), (1.0, 0.0), (1.0, 0.0), (1.0, 0.0), (1.0, 0.0), (1.0, 0.0), (1.0, 0.0)]
IPCs : [(1.0, 0.0), (0.99, 0.0), (1.0, 0.0), (1.0, 0.0), (1.0, 0.0), (1.0, 0.0), (0.93, 0.0), (1.0, 0.0), (1.0, 0.0), (1.0, 0.0), (0.99, 0.0), (0.99, 0.0)]
patPCRs : [[1.0], [0.8], [1.0], [0.7142857142857143], [0.7142857142857143], [1.0, 0.55], [0.5384615384615384], [0.75], [0.8181818181818182, 0.7272727272727273], [0.5384615384615384], [0.7777777777777778], [1.0]]
patDCs : []
patIPSs : [[1.0], [0.991304347826087], [0.9914529914529915], [1.0], [1.0], [1.0, 1.0], [0.9107142857142857], [0.9829059829059829], [1.0, 0.9912280701754386], [1.0], [0.9827586206896551], [0.9918032786885246]]
patSINGs : [[1.0], [1.0], [1.0], [1.0], [1.0], [1.0, 1.0], [1.0], [1.0], [1.0, 1.0], [1.0], [1.0], [1.0]]
patIPCs : [[1.0], [0.987012987012987], [1.0], [1.0], [1.0], [1.0, 1.0], [0.9272116772116772], [1.0], [1.0, 0.993006993006993], [1.0], [0.993006993006993], [0.987012987012987]]
Optional results : []
