baseAlgorithms : ['Kmeans', 'Spectral']
repeatBPgen : 1
maxClustSize : 125
Coverage : 50
patType : pat
V : 208
clustPatDF.shape : (61, 208)
Kmin : 2
Kmax : 15
minAppar : 0
maxAppar : 2
Discriminativeness : 30
nbMaxMoreThan1 : 20
nbMaxLessThan1 : 20
nbMaxDiffThan1 : 40
idObj : 9

--- RESULTS ---

times : [0.0, 0.0, 1.27, 0.62, 154.57]
allClust : [[42, 55, 80, 102, 121], [46, 118, 120], [17, 18, 20, 39, 45, 64, 81, 83, 92, 110], [13, 38, 86, 87, 89, 91, 114], [21, 27, 30, 52, 95, 106, 107, 124], [2, 19, 26, 33, 40, 59, 61, 62, 63, 67, 70, 72, 73, 75, 85, 88, 93, 117, 119, 122], [36, 54, 58, 78, 82, 104], [3, 15, 28, 31, 32, 34, 65, 68, 71, 108, 109, 116], [1, 8, 29, 48, 53, 57, 69, 96, 101, 115], [7, 9, 12, 14, 35, 43, 47, 49, 50, 66, 74, 84, 105, 113], [5, 10, 15, 24, 76, 77, 97, 109, 111], [0, 22, 37, 51, 56, 90, 94, 98, 103]]
allClustLen : [5, 3, 10, 7, 8, 20, 6, 12, 10, 14, 9, 9]
descrNames : [[['userdId_18', 'NbLines>10.0', 'NbVars>2.0', 'NbParams>1.0', 'HasWhileLoop', 'InstDepth>3.0', 'HasIfInLoop', 'NbReturns<=1.0', 'NbTokens>75.0']], [['userdId_27', 'NbLines>10.0', 'NbVars>2.0', 'NbParams>1.0', 'HasWhileLoop', 'HasIfInLoop', 'NbReturns<=1.0', 'NbTokens>75.0']], [['userdId_12', 'NbLines>10.0', 'NbVars>2.0', 'NbParams>1.0', 'HasWhileLoop', 'InstDepth<=3.0', 'HasIfInLoop', 'NbReturns<=1.0']], [['userdId_16', 'NbLines>10.0', 'NbVars>2.0', 'NbParams>1.0', 'HasWhileLoop', 'InstDepth<=3.0', 'HasIfInLoop', 'NbReturns<=1.0', 'NbTokens<=75.0']], [['userdId_13', 'NbLines>10.0', 'NbVars>2.0', 'NbParams>1.0', 'HasWhileLoop', 'InstDepth<=3.0', 'HasIfInLoop', 'NbReturns<=1.0', 'NbTokens<=75.0']], [['NbLines>10.0', 'NbParams>1.0', 'HasWhileLoop', 'InstDepth<=3.0', 'HasIfInLoop', 'HasComment']], [['userdId_19', 'NbVars<=2.0', 'NbParams>1.0', 'HasWhileLoop', 'InstDepth<=3.0', 'HasIfInLoop', 'NbReturns<=1.0', 'NbTokens<=75.0']], [['userdId_21', 'NbVars>2.0', 'NbParams>1.0', 'HasWhileLoop', 'InstDepth<=3.0', 'HasIfInLoop', 'NbReturns<=1.0', 'NbTokens<=75.0']], [['userdId_4', 'NbLines>10.0', 'NbVars>2.0', 'NbParams>1.0', 'HasWhileLoop', 'InstDepth>3.0', 'HasNestedIfs', 'HasIfInLoop', 'NbReturns<=1.0']], [['NbLines>10.0', 'NbVars>2.0', 'NbParams>1.0', 'HasWhileLoop', 'InstDepth<=3.0', 'HasIfInLoop', 'NbTokens>75.0', 'PassedTestCases']], [['userdId_50', 'NbLines>10.0', 'NbVars>2.0', 'NbParams>1.0', 'HasWhileLoop', 'InstDepth<=3.0', 'HasIfInLoop', 'NbReturns<=1.0']], [['userdId_36', 'NbLines>10.0', 'NbVars>2.0', 'NbParams>1.0', 'HasWhileLoop', 'InstDepth<=3.0', 'HasIfInLoop', 'NbReturns<=1.0', 'NbTokens>75.0']]]
descrPatIds : [[33], [40], [44], [46], [34], [48], [35], [37], [42], [52], [39], [59]]
descrTagsIds : [['[19, 27, 29, 31, 32, 34, 35, 40, 43, 45, 51]'], ['[20, 27, 29, 31, 32, 34, 35, 43, 45, 51]'], ['[5, 27, 29, 31, 32, 34, 35, 39, 43, 45]'], ['[14, 27, 29, 31, 32, 34, 35, 39, 43, 45, 50]'], ['[8, 27, 29, 31, 32, 34, 35, 39, 43, 45, 50]'], ['[27, 31, 32, 34, 35, 39, 43, 48]'], ['[17, 28, 31, 32, 34, 35, 39, 43, 45, 50]'], ['[4, 29, 31, 32, 34, 35, 39, 43, 45, 50]'], ['[2, 27, 29, 31, 32, 34, 35, 40, 42, 43, 45]'], ['[27, 29, 31, 32, 34, 35, 39, 43, 51, 52]'], ['[11, 27, 29, 31, 32, 34, 35, 39, 43, 45]'], ['[1, 27, 29, 31, 32, 34, 35, 39, 43, 45, 51]']]
nbNotAttrib : 14
nbMultiAttrib : 2
nbOfClusterForEachInstance : [1 1 1 1 0 1 0 1 1 1 1 0 1 1 1 2 0 1 1 1 1 1 1 0 1 0 1 1 1 1 1 1 1 1 1 1 1
 1 1 1 1 0 1 1 0 1 1 1 1 1 1 1 1 1 1 1 1 1 1 1 0 1 1 1 1 1 1 1 1 1 1 1 1 1
 1 1 1 1 1 0 1 1 1 1 1 1 1 1 1 1 1 1 1 1 1 1 1 1 1 0 0 1 1 1 1 1 1 1 1 2 1
 1 0 1 1 1 1 1 1 1 1 1 1 0 1]
---- : ----
PCRs : [(1.0, 0.0), (1.0, 0.0), (0.8, 0.0), (0.71, 0.0), (1.0, 0.0), (1.0, 0.0), (1.0, 0.0), (0.58, 0.0), (0.9, 0.0), (0.57, 0.0), (0.56, 0.0), (0.78, 0.0)]
DCs : [1.0, 1.0, 0.8, 0.71, 1.0, 1.0, 1.0, 0.58, 0.9, 0.57, 0.56, 0.78]
IPSs : [(1.0, 0.0), (0.99, 0.0), (0.99, 0.0), (1.0, 0.0), (0.99, 0.0), (1.0, 0.0), (0.98, 0.0), (0.98, 0.0), (1.0, 0.0), (0.92, 0.0), (1.0, 0.0), (1.0, 0.0)]
SINGs : [(1.0, 0.0), (1.0, 0.0), (1.0, 0.0), (1.0, 0.0), (1.0, 0.0), (1.0, 0.0), (1.0, 0.0), (1.0, 0.0), (1.0, 0.0), (1.0, 0.0), (1.0, 0.0), (1.0, 0.0)]
IPCs : [(1.0, 0.0), (0.99, 0.0), (0.99, 0.0), (1.0, 0.0), (0.99, 0.0), (1.0, 0.0), (1.0, 0.0), (1.0, 0.0), (1.0, 0.0), (0.93, 0.0), (1.0, 0.0), (1.0, 0.0)]
patPCRs : [[1.0], [1.0], [0.8], [0.7142857142857143], [1.0], [1.0], [1.0], [0.5833333333333334], [0.9], [0.5714285714285714], [0.5555555555555556], [0.7777777777777778]]
patDCs : []
patIPSs : [[1.0], [0.9918032786885246], [0.991304347826087], [1.0], [0.9914529914529915], [1.0], [0.9831932773109243], [0.9823008849557522], [1.0], [0.9189189189189189], [1.0], [1.0]]
patSINGs : [[1.0], [1.0], [1.0], [1.0], [1.0], [1.0], [1.0], [1.0], [1.0], [1.0], [1.0], [1.0]]
patIPCs : [[1.0], [0.987012987012987], [0.987012987012987], [1.0], [0.9924242424242425], [1.0], [1.0], [1.0], [1.0], [0.9339826839826841], [1.0], [1.0]]
Optional results : []
