baseAlgorithms : ['Kmeans', 'Spectral']
repeatBPgen : 1
maxClustSize : 125
Coverage : 70
patType : pat
V : 208
clustPatDF.shape : (48, 208)
Kmin : 2
Kmax : 15
minAppar : 0
maxAppar : 2
Discriminativeness : 50
nbMaxMoreThan1 : 20
nbMaxLessThan1 : 20
nbMaxDiffThan1 : 40
idObj : 9

--- RESULTS ---

times : [0.0, 0.0, 1.51, 0.6, 111.04]
allClust : [[6, 9, 12, 14, 16, 19, 26, 33, 35, 43, 47, 49, 50, 59, 61, 62, 63, 66, 67, 72, 73, 74, 75, 84, 88, 93, 105, 113, 117, 119], [42, 55, 80, 102, 121], [4, 23, 25, 41, 54, 58, 60, 123], [5, 10, 24, 76, 77, 97, 111], [13, 38, 86, 87, 89, 91, 114], [17, 18, 20, 39, 45, 64, 81, 83, 92, 110], [36, 78, 82, 104], [1, 8, 29, 32, 48, 53, 57, 69, 96, 101, 115], [46, 118, 120], [3, 7, 28, 31, 34, 68, 71, 108, 116], [70, 85, 99], [21, 27, 30, 52, 95, 106, 107, 124]]
allClustLen : [30, 5, 8, 7, 7, 10, 4, 11, 3, 9, 3, 8]
descrNames : [[['NbLines>10.0', 'NbVars>2.0', 'NbParams>1.0', 'HasWhileLoop', 'InstDepth<=3.0', 'HasIfInLoop', 'NbReturns<=1.0', 'NbTokens>75.0']], [['userdId_18', 'NbLines>10.0', 'NbVars>2.0', 'NbParams>1.0', 'HasWhileLoop', 'InstDepth>3.0', 'HasIfInLoop', 'NbReturns<=1.0', 'NbTokens>75.0']], [['NbLines<=10.0', 'NbVars<=2.0', 'NbParams>1.0', 'HasWhileLoop', 'InstDepth<=3.0', 'HasIfInLoop', 'NbReturns<=1.0', 'NbTokens<=75.0']], [['userdId_50', 'NbLines>10.0', 'NbVars>2.0', 'NbParams>1.0', 'HasWhileLoop', 'InstDepth<=3.0', 'HasIfInLoop', 'NbReturns<=1.0']], [['userdId_16', 'NbLines>10.0', 'NbVars>2.0', 'NbParams>1.0', 'HasWhileLoop', 'InstDepth<=3.0', 'HasIfInLoop', 'NbReturns<=1.0', 'NbTokens<=75.0']], [['userdId_12', 'NbLines>10.0', 'NbVars>2.0', 'NbParams>1.0', 'HasWhileLoop', 'InstDepth<=3.0', 'HasIfInLoop', 'NbReturns<=1.0']], [['userdId_19', 'NbVars<=2.0', 'NbParams>1.0', 'HasWhileLoop', 'InstDepth<=3.0', 'HasIfInLoop', 'NbReturns<=1.0', 'NbTokens<=75.0']], [['userdId_4', 'NbLines>10.0', 'NbVars>2.0', 'NbParams>1.0', 'HasWhileLoop', 'InstDepth>3.0', 'HasNestedIfs', 'HasIfInLoop', 'NbReturns<=1.0']], [['userdId_27', 'NbLines>10.0', 'NbVars>2.0', 'NbParams>1.0', 'HasWhileLoop', 'HasIfInLoop', 'NbReturns<=1.0', 'NbTokens>75.0']], [['userdId_21', 'NbVars>2.0', 'NbParams>1.0', 'HasWhileLoop', 'InstDepth<=3.0', 'HasIfInLoop', 'NbReturns<=1.0', 'NbTokens<=75.0']], [['userdId_6', 'NbLines>10.0', 'NbParams>1.0', 'HasWhileLoop', 'InstDepth<=3.0', 'HasIfInLoop', 'NbReturns>1.0', 'NbTokens<=75.0']], [['userdId_13', 'NbLines>10.0', 'NbVars>2.0', 'NbParams>1.0', 'HasWhileLoop', 'InstDepth<=3.0', 'HasIfInLoop', 'NbReturns<=1.0', 'NbTokens<=75.0']]]
descrPatIds : [[12], [30], [35], [37], [38], [32], [26], [34, 41], [31], [29], [42], [36]]
descrTagsIds : [['[27, 29, 31, 32, 34, 35, 39, 43, 45, 51]'], ['[19, 27, 29, 31, 32, 34, 35, 40, 43, 45, 51]'], ['[26, 28, 31, 32, 34, 35, 39, 43, 45, 50]'], ['[11, 27, 29, 31, 32, 34, 35, 39, 43, 45]'], ['[14, 27, 29, 31, 32, 34, 35, 39, 43, 45, 50]'], ['[5, 27, 29, 31, 32, 34, 35, 39, 43, 45]'], ['[17, 28, 31, 32, 34, 35, 39, 43, 45, 50]'], ['[2, 27, 29, 31, 32, 34, 35, 40, 42, 43, 45]', '[27, 29, 31, 32, 34, 35, 40, 42, 43, 45, 51]'], ['[20, 27, 29, 31, 32, 34, 35, 43, 45, 51]'], ['[4, 29, 31, 32, 34, 35, 39, 43, 45, 50]'], ['[23, 27, 31, 32, 34, 35, 39, 43, 46, 50]'], ['[8, 27, 29, 31, 32, 34, 35, 39, 43, 45, 50]']]
nbNotAttrib : 20
nbMultiAttrib : 0
nbOfClusterForEachInstance : [0 1 0 1 1 1 1 1 1 1 1 0 1 1 1 0 1 1 1 1 1 1 0 1 1 1 1 1 1 1 1 1 1 1 1 1 1
 0 1 1 0 1 1 1 0 1 1 1 1 1 1 0 1 1 1 1 0 1 1 1 1 1 1 1 1 0 1 1 1 1 1 1 1 1
 1 1 1 1 1 0 1 1 1 1 1 1 1 1 1 1 0 1 1 1 0 1 1 1 0 1 0 1 1 0 1 1 1 1 1 0 1
 1 0 1 1 1 1 1 1 1 1 1 0 1 1]
---- : ----
PCRs : [(0.87, 0.0), (1.0, 0.0), (0.75, 0.0), (0.71, 0.0), (0.71, 0.0), (0.8, 0.0), (1.0, 0.0), (0.77, 0.05), (1.0, 0.0), (0.78, 0.0), (1.0, 0.0), (1.0, 0.0)]
DCs : [0.87, 1.0, 0.75, 0.71, 0.71, 0.8, 1.0, 0.91, 1.0, 0.78, 1.0, 1.0]
IPSs : [(0.8, 0.0), (1.0, 0.0), (0.98, 0.0), (1.0, 0.0), (1.0, 0.0), (0.99, 0.0), (0.97, 0.0), (1.0, 0.0), (0.99, 0.0), (0.98, 0.0), (1.0, 0.0), (0.99, 0.0)]
SINGs : [(1.0, 0.0), (1.0, 0.0), (0.91, 0.0), (1.0, 0.0), (1.0, 0.0), (1.0, 0.0), (1.0, 0.0), (1.0, 0.0), (1.0, 0.0), (1.0, 0.0), (1.0, 0.0), (1.0, 0.0)]
IPCs : [(0.9, 0.0), (1.0, 0.0), (0.95, 0.0), (1.0, 0.0), (1.0, 0.0), (0.99, 0.0), (0.95, 0.0), (1.0, 0.0), (0.99, 0.0), (1.0, 0.0), (1.0, 0.0), (1.0, 0.0)]
patPCRs : [[0.8666666666666667], [1.0], [0.75], [0.7142857142857143], [0.7142857142857143], [0.8], [1.0], [0.8181818181818182, 0.7272727272727273], [1.0], [0.7777777777777778], [1.0], [1.0]]
patDCs : []
patIPSs : [[0.8], [1.0], [0.9829059829059829], [1.0], [1.0], [0.991304347826087], [0.9669421487603306], [1.0, 0.9912280701754386], [0.9918032786885246], [0.9827586206896551], [1.0], [0.9914529914529915]]
patSINGs : [[1.0], [1.0], [0.9090909090909091], [1.0], [1.0], [1.0], [1.0], [1.0, 1.0], [1.0], [1.0], [1.0], [1.0]]
patIPCs : [[0.9024531024531025], [1.0], [0.9545454545454546], [1.0], [1.0], [0.987012987012987], [0.9545454545454546], [1.0, 1.0], [0.987012987012987], [1.0], [1.0], [1.0]]
Optional results : []
