baseAlgorithms : ['Kmeans', 'Spectral']
repeatBPgen : 1
maxClustSize : 125
Coverage : 50
patType : pat
V : 208
clustPatDF.shape : (61, 208)
Kmin : 2
Kmax : 15
minAppar : 0
maxAppar : 2
Discriminativeness : 30
nbMaxMoreThan1 : 20
nbMaxLessThan1 : 20
nbMaxDiffThan1 : 40
idObj : 9

--- RESULTS ---

times : [0.0, 0.0, 1.27, 0.62, 154.59]
allClust : [[19, 26, 33, 59, 61, 62, 63, 67, 72, 73, 75, 88, 93, 117, 119], [42, 55, 80, 102, 121], [46, 118, 120], [5, 10, 24, 76, 77, 97, 111], [13, 38, 86, 87, 89, 91, 114], [4, 20, 23, 25, 39, 41, 45, 60, 92, 110, 123], [36, 54, 58, 78, 82, 104], [3, 15, 28, 31, 32, 34, 65, 68, 71, 108, 109, 116], [7, 9, 12, 14, 35, 43, 47, 49, 50, 66, 74, 84, 105, 113], [1, 8, 17, 18, 29, 32, 48, 53, 57, 64, 69, 79, 81, 83, 96, 101, 115], [0, 11, 22, 37, 44, 51, 56, 90, 94, 98, 100, 103, 112], [70, 85, 99], [21, 27, 30, 52, 95, 106, 107, 124]]
allClustLen : [15, 5, 3, 7, 7, 11, 6, 12, 14, 17, 13, 3, 8]
descrNames : [[['userdId_39', 'NbLines>10.0', 'NbVars>2.0', 'NbParams>1.0', 'HasWhileLoop', 'InstDepth<=3.0', 'HasIfInLoop', 'NbReturns<=1.0', 'HasComment', 'NbTokens>75.0']], [['userdId_18', 'NbLines>10.0', 'NbVars>2.0', 'NbParams>1.0', 'HasWhileLoop', 'InstDepth>3.0', 'HasIfInLoop', 'NbReturns<=1.0', 'NbTokens>75.0']], [['userdId_27', 'NbLines>10.0', 'NbVars>2.0', 'NbParams>1.0', 'HasWhileLoop', 'InstDepth>3.0', 'HasIfInLoop', 'NbReturns<=1.0', 'NbTokens>75.0']], [['userdId_50', 'NbLines>10.0', 'NbVars>2.0', 'NbParams>1.0', 'HasWhileLoop', 'InstDepth<=3.0', 'HasIfInLoop', 'NbReturns<=1.0']], [['userdId_16', 'NbLines>10.0', 'NbVars>2.0', 'NbParams>1.0', 'HasWhileLoop', 'InstDepth<=3.0', 'HasIfInLoop', 'NbReturns<=1.0', 'NbTokens<=75.0']], [['userdId_12', 'NbParams>1.0', 'HasWhileLoop', 'InstDepth<=3.0', 'HasIfInLoop', 'NbReturns<=1.0']], [['userdId_19', 'NbLines<=10.0', 'NbVars<=2.0', 'NbParams>1.0', 'HasWhileLoop', 'InstDepth<=3.0', 'HasIfInLoop', 'NbReturns<=1.0', 'NbTokens<=75.0']], [['userdId_21', 'NbVars>2.0', 'NbParams>1.0', 'HasWhileLoop', 'InstDepth<=3.0', 'HasIfInLoop', 'NbReturns<=1.0', 'NbTokens<=75.0']], [['NbLines>10.0', 'NbVars>2.0', 'NbParams>1.0', 'HasWhileLoop', 'InstDepth<=3.0', 'HasIfInLoop', 'NbTokens>75.0', 'PassedTestCases']], [['userdId_4', 'NbLines>10.0', 'NbVars>2.0', 'NbParams>1.0', 'HasWhileLoop', 'InstDepth>3.0', 'HasNestedIfs', 'HasIfInLoop', 'NbReturns<=1.0']], [['userdId_36', 'NbLines>10.0', 'NbVars>2.0', 'NbParams>1.0', 'HasWhileLoop', 'InstDepth<=3.0', 'HasIfInLoop', 'NbReturns<=1.0', 'NbTokens>75.0']], [['userdId_6', 'NbLines>10.0', 'NbVars<=2.0', 'NbParams>1.0', 'HasWhileLoop', 'InstDepth<=3.0', 'HasIfInLoop', 'NbReturns>1.0', 'HasComment', 'NbTokens<=75.0']], [['userdId_13', 'NbLines>10.0', 'NbVars>2.0', 'NbParams>1.0', 'HasWhileLoop', 'InstDepth<=3.0', 'HasIfInLoop', 'NbReturns<=1.0', 'NbTokens<=75.0']]]
descrPatIds : [[30], [33], [41], [39], [46], [50], [51], [37], [52], [42], [59], [58], [34]]
descrTagsIds : [['[15, 27, 29, 31, 32, 34, 35, 39, 43, 45, 48, 51]'], ['[19, 27, 29, 31, 32, 34, 35, 40, 43, 45, 51]'], ['[20, 27, 29, 31, 32, 34, 35, 40, 43, 45, 51]'], ['[11, 27, 29, 31, 32, 34, 35, 39, 43, 45]'], ['[14, 27, 29, 31, 32, 34, 35, 39, 43, 45, 50]'], ['[5, 31, 32, 34, 35, 39, 43, 45]'], ['[17, 26, 28, 31, 32, 34, 35, 39, 43, 45, 50]'], ['[4, 29, 31, 32, 34, 35, 39, 43, 45, 50]'], ['[27, 29, 31, 32, 34, 35, 39, 43, 51, 52]'], ['[2, 27, 29, 31, 32, 34, 35, 40, 42, 43, 45]'], ['[1, 27, 29, 31, 32, 34, 35, 39, 43, 45, 51]'], ['[23, 27, 28, 31, 32, 34, 35, 39, 43, 46, 48, 50]'], ['[8, 27, 29, 31, 32, 34, 35, 39, 43, 45, 50]']]
nbNotAttrib : 5
nbMultiAttrib : 1
nbOfClusterForEachInstance : [1 1 0 1 1 1 0 1 1 1 1 1 1 1 1 1 0 1 1 1 1 1 1 1 1 1 1 1 1 1 1 1 2 1 1 1 1
 1 1 1 0 1 1 1 1 1 1 1 1 1 1 1 1 1 1 1 1 1 1 1 1 1 1 1 1 1 1 1 1 1 1 1 1 1
 1 1 1 1 1 1 1 1 1 1 1 1 1 1 1 1 1 1 1 1 1 1 1 1 1 1 1 1 1 1 1 1 1 1 1 1 1
 1 1 1 1 1 1 1 1 1 1 1 0 1 1]
---- : ----
PCRs : [(0.73, 0.0), (1.0, 0.0), (0.67, 0.0), (0.71, 0.0), (0.71, 0.0), (0.64, 0.0), (0.67, 0.0), (0.58, 0.0), (0.57, 0.0), (0.53, 0.0), (0.54, 0.0), (0.67, 0.0), (1.0, 0.0)]
DCs : [0.73, 1.0, 0.67, 0.71, 0.71, 0.64, 0.67, 0.58, 0.57, 0.53, 0.54, 0.67, 1.0]
IPSs : [(1.0, 0.0), (1.0, 0.0), (1.0, 0.0), (1.0, 0.0), (1.0, 0.0), (0.96, 0.0), (0.98, 0.0), (0.98, 0.0), (0.92, 0.0), (1.0, 0.0), (1.0, 0.0), (1.0, 0.0), (0.99, 0.0)]
SINGs : [(1.0, 0.0), (1.0, 0.0), (1.0, 0.0), (1.0, 0.0), (1.0, 0.0), (1.0, 0.0), (1.0, 0.0), (1.0, 0.0), (1.0, 0.0), (1.0, 0.0), (1.0, 0.0), (1.0, 0.0), (1.0, 0.0)]
IPCs : [(1.0, 0.0), (1.0, 0.0), (1.0, 0.0), (1.0, 0.0), (1.0, 0.0), (0.97, 0.0), (0.98, 0.0), (0.99, 0.0), (0.95, 0.0), (1.0, 0.0), (1.0, 0.0), (1.0, 0.0), (0.99, 0.0)]
patPCRs : [[0.7333333333333333], [1.0], [0.6666666666666666], [0.7142857142857143], [0.7142857142857143], [0.6363636363636364], [0.6666666666666666], [0.5833333333333334], [0.5714285714285714], [0.5294117647058824], [0.5384615384615384], [0.6666666666666666], [1.0]]
patDCs : []
patIPSs : [[1.0], [1.0], [1.0], [1.0], [1.0], [0.9649122807017544], [0.9831932773109243], [0.9823008849557522], [0.9189189189189189], [1.0], [1.0], [1.0], [0.9914529914529915]]
patSINGs : [[1.0], [1.0], [1.0], [1.0], [1.0], [1.0], [1.0], [1.0], [1.0], [1.0], [1.0], [1.0], [1.0]]
patIPCs : [[1.0], [1.0], [1.0], [1.0], [1.0], [0.973389355742297], [0.9848484848484849], [0.9886877828054299], [0.9522588522588523], [1.0], [1.0], [1.0], [0.9930555555555557]]
Optional results : []
