baseAlgorithms : ['Kmeans', 'Spectral']
repeatBPgen : 1
maxClustSize : 112
Coverage : 30
patType : pat
V : 179
clustPatDF.shape : (24, 179)
Kmin : 2
Kmax : 15
minAppar : 0
maxAppar : 2
Discriminativeness : 10
nbMaxMoreThan1 : 20
nbMaxLessThan1 : 20
nbMaxDiffThan1 : 40
idObj : 9

--- RESULTS ---

times : [2.11, 0.0, 2.27, 0.33, 43.86]
allClust : [[8, 26, 28, 38, 39, 58, 61, 67, 73, 76], [49, 55, 70], [83, 101], [3, 5, 11, 12, 14, 16, 17, 18, 23, 29, 34, 35, 37, 41, 44, 48, 50, 52, 57, 64, 65, 80, 81, 87, 95, 104, 107, 109], [1, 19, 21, 25, 40, 42, 84, 93, 97, 100, 102, 103, 106], [4, 6, 7, 9, 20, 22, 24, 31, 32, 33, 51, 53, 59, 63, 66, 68, 74, 75, 85, 89, 90, 92, 94, 96, 98, 99, 105, 111], [0, 2, 13, 15, 30, 60, 62, 82, 110], [54, 69, 79, 108]]
allClustLen : [10, 3, 2, 28, 13, 28, 9, 4]
descrNames : [[['userdId_40', 'HasIfElse', 'InstDepth<=3.0', 'NbReturns<=1.0', 'NbTokens>75.0', 'NbLines>10.0', 'NbVars>2.0', 'NbParams<=1.0', 'HasLoop', 'HasForLoop']], [['InstDepth<=3.0', 'NbReturns<=1.0', 'NbTokens<=75.0', 'userdId_4', 'NbLines<=10.0', 'NbVars<=2.0', 'NbParams<=1.0']], [['InstDepth<=3.0', 'NbReturns<=1.0', 'userdId_6', 'NbTokens<=75.0', 'NbLines<=10.0', 'NbVars<=2.0', 'NbParams<=1.0', 'HasLoop', 'HasForLoop']], [['HasIf', 'InstDepth<=3.0', 'userdId_20', 'NbReturns<=1.0', 'NbTokens<=75.0', 'NbLines<=10.0', 'NbParams<=1.0', 'HasLoop', 'HasForLoop']], [['userdId_25', 'InstDepth<=3.0', 'NbReturns<=1.0', 'NbTokens<=75.0', 'NbLines<=10.0', 'NbVars<=2.0', 'NbParams<=1.0', 'HasLoop', 'HasForLoop']], [['HasIf', 'InstDepth<=3.0', 'NbReturns<=1.0', 'NbTokens<=75.0', 'PassedTestCases', 'NbLines<=10.0', 'NbVars<=2.0', 'NbParams<=1.0', 'HasLoop', 'HasForLoop']], [['userdId_40', 'InstDepth<=3.0', 'NbReturns<=1.0', 'NbTokens<=75.0', 'NbLines<=10.0', 'NbVars<=2.0', 'NbParams<=1.0', 'HasLoop', 'HasForLoop']], [['HasIf', 'userdId_39', 'InstDepth<=3.0', 'NbReturns<=1.0', 'NbTokens<=75.0', 'NbLines<=10.0', 'NbVars<=2.0', 'NbParams<=1.0', 'HasLoop', 'HasForLoop']]]
descrPatIds : [[0], [19, 15], [14], [5, 6], [18, 22], [3], [11], [20]]
descrTagsIds : [['[1, 33, 34, 37, 43, 49, 25, 27, 28, 30, 31]'], ['[37, 43, 48, 20, 24, 26, 28]', '[33, 37, 41, 43, 15, 48, 24, 26, 28, 30, 31]'], ['[37, 43, 14, 48, 24, 26, 28, 30, 31]'], ['[33, 37, 10, 43, 48, 24, 28, 30, 31]', '[33, 37, 6, 43, 48, 24, 26, 28, 30, 31]'], ['[2, 37, 43, 48, 24, 26, 28, 30, 31]', '[2, 37, 43, 48, 24, 27, 28, 30, 31]'], ['[33, 37, 43, 48, 50, 24, 26, 28, 30, 31]'], ['[1, 37, 43, 48, 24, 26, 28, 30, 31]'], ['[33, 3, 37, 43, 48, 24, 26, 28, 30, 31]']]
nbNotAttrib : 15
nbMultiAttrib : 0
nbOfClusterForEachInstance : [1 1 1 1 1 1 1 1 1 1 0 1 1 1 1 1 1 1 1 1 1 1 1 1 1 1 1 0 1 1 1 1 1 1 1 1 0
 1 1 1 1 1 1 0 1 0 0 0 1 1 1 1 1 1 1 1 0 1 1 1 1 1 1 1 1 1 1 1 1 1 1 0 0 1
 1 1 1 0 0 1 1 1 1 1 1 1 0 1 0 1 1 0 1 1 1 1 1 1 1 1 1 1 1 1 1 1 1 1 1 1 1
 1]
---- : ----
PCRs : [(0.5, 0.0), (0.5, 0.17), (1.0, 0.0), (0.36, 0.0), (0.31, 0.0), (0.68, 0.0), (0.67, 0.0), (1.0, 0.0)]
DCs : [0.5, 1.0, 1.0, 0.71, 0.62, 0.68, 0.67, 1.0]
IPSs : [(1.0, 0.0), (1.0, 0.0), (0.98, 0.0), (0.98, 0.01), (0.99, 0.01), (0.96, 0.0), (0.99, 0.0), (0.98, 0.0)]
SINGs : [(0.71, 0.0), (0.86, 0.0), (0.86, 0.0), (0.71, 0.0), (0.71, 0.0), (0.71, 0.0), (0.71, 0.0), (0.71, 0.0)]
IPCs : [(1.0, 0.0), (1.0, 0.0), (1.0, 0.0), (0.99, 0.0), (1.0, 0.0), (0.99, 0.0), (0.99, 0.0), (0.99, 0.0)]
patPCRs : [[0.5], [0.3333333333333333, 0.6666666666666666], [1.0], [0.35714285714285715, 0.35714285714285715], [0.3076923076923077, 0.3076923076923077], [0.6785714285714286], [0.6666666666666666], [1.0]]
patDCs : []
patIPSs : [[1.0], [1.0, 1.0], [0.9818181818181818], [0.9880952380952381, 0.9761904761904762], [0.9797979797979798, 1.0], [0.9642857142857143], [0.9902912621359223], [0.9814814814814815]]
patSINGs : [[0.7142857142857143], [0.8571428571428572, 0.8571428571428572], [0.8571428571428572], [0.7142857142857143, 0.7142857142857143], [0.7142857142857143, 0.7142857142857143], [0.7142857142857143], [0.7142857142857143], [0.7142857142857143]]
patIPCs : [[1.0], [1.0, 1.0], [1.0], [0.9948979591836735, 0.9948979591836735], [0.9948979591836735, 1.0], [0.9948979591836735], [0.9857142857142858], [0.9897959183673469]]
Optional results : []
