[2, 6, 8, 10, 14, 20, 21, 22, 24, 26, 27, 30, 31, 32, 35, 36, 37, 41, 44, 46, 49, 50, 53, 55, 56, 57, 59, 60, 61, 62, 63, 65, 67, 70, 71, 72, 74, 75, 76, 77, 78, 79, 83, 87, 88, 90, 91, 92, 93, 94, 95, 97, 99, 104, 105, 108, 109, 112, 113, 115, 116, 117, 119, 127, 129, 131, 132, 133, 134, 135, 137, 138];[0, 1, 3, 4, 5, 7, 9, 11, 12, 13, 15, 16, 17, 18, 19, 23, 25, 28, 29, 33, 34, 38, 39, 40, 42, 43, 45, 47, 48, 51, 52, 54, 58, 64, 66, 68, 69, 73, 80, 81, 82, 84, 85, 86, 89, 96, 98, 100, 101, 102, 103, 106, 107, 110, 111, 114, 118, 120, 121, 122, 123, 124, 125, 126, 128, 130, 136]
[1, 4, 14, 18, 20, 24, 30, 41, 49, 53, 55, 56, 62, 65, 67, 71, 72, 74, 76, 77, 78, 85, 97, 102, 104, 105, 108, 116, 125, 132, 134, 135, 137, 138];[2, 6, 8, 10, 21, 22, 26, 27, 31, 32, 35, 37, 44, 46, 57, 59, 60, 61, 63, 70, 75, 79, 87, 88, 90, 91, 92, 93, 94, 95, 99, 109, 112, 113, 115, 117, 119, 129, 131, 133];[0, 3, 5, 7, 9, 11, 12, 13, 15, 16, 17, 19, 23, 25, 28, 29, 33, 34, 36, 38, 39, 40, 42, 43, 45, 47, 48, 50, 51, 52, 54, 58, 64, 66, 68, 69, 73, 80, 81, 82, 83, 84, 86, 89, 96, 98, 100, 101, 103, 106, 107, 110, 111, 114, 118, 120, 121, 122, 123, 124, 126, 127, 128, 130, 136]
[1, 4, 14, 18, 20, 24, 30, 41, 49, 53, 55, 56, 62, 65, 67, 71, 72, 74, 76, 77, 78, 85, 97, 102, 104, 105, 108, 116, 125, 132, 134, 135, 137, 138];[0, 3, 7, 9, 11, 12, 13, 15, 16, 19, 23, 25, 28, 29, 33, 34, 36, 38, 39, 40, 42, 43, 45, 47, 48, 50, 51, 52, 54, 58, 64, 66, 68, 69, 73, 80, 81, 82, 83, 84, 86, 89, 96, 98, 100, 101, 103, 106, 107, 110, 111, 114, 120, 121, 122, 126, 127, 128, 130, 136];[2, 6, 8, 10, 21, 22, 26, 27, 31, 32, 35, 37, 44, 46, 57, 59, 60, 61, 63, 70, 75, 79, 87, 88, 90, 91, 92, 93, 94, 95, 99, 109, 112, 113, 115, 117, 119, 129, 131, 133];[5, 17, 118, 123, 124]
[0, 7, 11, 12, 15, 19, 23, 28, 29, 32, 33, 34, 36, 38, 42, 43, 44, 45, 50, 52, 57, 59, 66, 68, 82, 83, 84, 89, 95, 96, 98, 100, 103, 106, 107, 110, 111, 112, 114, 120, 122, 126, 127, 131];[2, 6, 8, 10, 21, 22, 26, 27, 31, 35, 37, 46, 60, 61, 63, 70, 75, 79, 87, 88, 90, 91, 92, 93, 94, 99, 109, 113, 115, 117, 119, 129, 133];[1, 4, 14, 18, 20, 24, 30, 41, 49, 53, 55, 56, 62, 65, 67, 71, 72, 74, 76, 77, 78, 85, 97, 102, 104, 105, 108, 116, 125, 132, 134, 135, 137, 138];[3, 9, 13, 16, 25, 39, 40, 47, 48, 51, 54, 58, 64, 69, 73, 80, 81, 86, 101, 121, 128, 130, 136];[5, 17, 118, 123, 124]
[0, 7, 11, 12, 15, 19, 23, 28, 29, 33, 34, 36, 38, 43, 44, 45, 50, 52, 66, 68, 82, 83, 84, 89, 95, 96, 98, 100, 103, 106, 107, 110, 111, 112, 114, 120, 122, 126, 127, 131];[2, 6, 8, 10, 21, 22, 26, 27, 31, 32, 35, 37, 46, 57, 59, 60, 61, 63, 70, 75, 79, 87, 88, 90, 91, 92, 93, 94, 99, 109, 113, 115, 117, 119, 129, 133];[5, 17, 118, 123, 124];[1, 4, 14, 20, 24, 30, 41, 49, 53, 55, 56, 62, 65, 67, 71, 72, 74, 76, 77, 78, 97, 102, 104, 105, 108, 116, 125, 132, 134, 135, 137, 138];[18, 85];[3, 9, 13, 16, 25, 39, 40, 42, 47, 48, 51, 54, 58, 64, 69, 73, 80, 81, 86, 101, 121, 128, 130, 136]
[3, 9, 13, 16, 25, 39, 40, 47, 51, 54, 58, 64, 69, 73, 80, 81, 86, 101, 121, 128, 130, 136];[1, 4, 14, 20, 24, 30, 41, 49, 53, 55, 56, 62, 65, 67, 71, 72, 74, 76, 77, 78, 97, 102, 104, 105, 108, 116, 125, 132, 134, 135, 137, 138];[2, 6, 8, 10, 21, 22, 26, 27, 31, 35, 37, 46, 60, 61, 63, 70, 75, 79, 87, 90, 91, 92, 93, 94, 99, 109, 113, 115, 117, 119, 129, 133];[0, 7, 12, 23, 28, 33, 38, 42, 48, 57, 59, 95, 98, 106, 111, 112, 120, 122, 126, 131];[18, 85];[11, 15, 19, 29, 32, 34, 36, 43, 44, 45, 50, 52, 66, 68, 82, 83, 84, 88, 89, 96, 100, 103, 107, 110, 114, 127];[5, 17, 118, 123, 124]
[14, 20, 30, 41, 49, 55, 56, 62, 65, 67, 71, 72, 74, 76, 77, 78, 104, 108, 132, 134, 135, 137];[11, 15, 19, 29, 32, 34, 36, 43, 44, 45, 50, 52, 66, 68, 82, 83, 84, 88, 89, 96, 100, 103, 107, 110, 114, 127];[2, 6, 8, 10, 21, 22, 26, 27, 31, 35, 37, 46, 60, 61, 63, 70, 75, 79, 87, 90, 91, 92, 93, 94, 99, 109, 113, 115, 117, 119, 129, 133];[1, 4, 24, 53, 97, 102, 105, 116, 125, 138];[3, 9, 13, 16, 25, 39, 40, 47, 48, 51, 54, 58, 64, 69, 73, 80, 81, 86, 101, 121, 128, 130, 136];[0, 7, 12, 23, 28, 33, 38, 42, 57, 59, 95, 98, 106, 111, 112, 120, 122, 126, 131];[5, 17, 118, 123, 124];[18, 85]
[14, 20, 30, 41, 49, 55, 56, 62, 65, 67, 71, 72, 74, 76, 77, 78, 104, 108, 132, 134, 135, 137];[2, 6, 8, 10, 21, 22, 26, 27, 31, 35, 37, 46, 60, 61, 63, 70, 75, 79, 87, 90, 91, 92, 93, 94, 99, 109, 113, 115, 117, 119, 129, 133];[11, 15, 19, 29, 32, 34, 36, 43, 44, 45, 50, 52, 66, 68, 82, 83, 84, 88, 89, 96, 100, 103, 107, 110, 114, 127];[3, 9, 13, 16, 25, 39, 40, 51, 69, 73, 101, 121, 130];[5, 17, 118, 123, 124];[0, 7, 12, 23, 28, 33, 38, 57, 59, 95, 98, 106, 111, 112, 120, 122, 126, 131];[1, 4, 24, 53, 97, 102, 105, 116, 125, 138];[42, 47, 48, 54, 58, 64, 80, 81, 86, 128, 136];[18, 85]
[11, 15, 19, 29, 34, 36, 43, 44, 45, 50, 52, 66, 68, 82, 83, 84, 88, 89, 96, 100, 103, 107, 110, 114, 127];[14, 20, 30, 41, 49, 55, 56, 62, 65, 67, 71, 72, 74, 76, 77, 78, 104, 108, 116, 132, 134, 135, 137];[2, 6, 8, 10, 21, 22, 26, 27, 31, 35, 37, 46, 60, 61, 63, 70, 75, 79, 87, 90, 91, 92, 93, 99, 109, 113, 117, 119, 129, 133];[3, 9, 13, 16, 25, 39, 40, 51, 69, 73, 101, 121, 130];[5, 17, 118, 123, 124];[1, 4, 24, 53, 97, 102, 105, 125, 138];[0, 7, 12, 23, 28, 33, 38, 98, 106, 111, 120, 122, 126];[32, 57, 59, 94, 95, 112, 115, 131];[18, 85];[42, 47, 48, 54, 58, 64, 80, 81, 86, 128, 136]
[2, 8, 10, 21, 22, 26, 27, 31, 35, 46, 60, 61, 63, 70, 75, 79, 87, 90, 91, 93, 99, 109, 113, 117, 119, 129, 133];[47, 48, 54, 58, 64, 80, 81, 86, 128, 136];[1, 4, 24, 53, 97, 102, 105, 116, 125, 138];[11, 15, 19, 29, 34, 36, 43, 45, 50, 52, 66, 68, 82, 83, 84, 89, 96, 100, 103, 107, 110, 114, 127];[5, 17, 118, 123, 124];[14, 20, 30, 41, 44, 49, 55, 56, 62, 65, 67, 71, 72, 74, 76, 77, 78, 104, 108, 132, 134, 135, 137];[0, 7, 12, 23, 28, 33, 38, 98, 106, 111, 120, 122, 126];[18, 85];[3, 9, 13, 16, 25, 39, 40, 51, 69, 73, 101, 121, 130];[6, 32, 37, 88, 92, 94, 115];[42, 57, 59, 95, 112, 131]
[3, 9, 13, 16, 25, 39, 40, 51, 69, 73, 101, 121, 130];[0, 7, 12, 23, 28, 33, 38, 98, 106, 111, 120, 122, 126];[32, 88, 94, 115];[132, 134];[11, 15, 19, 29, 34, 36, 43, 44, 45, 50, 52, 66, 68, 82, 83, 84, 89, 96, 100, 103, 107, 110, 114, 127];[5, 17, 118, 123, 124];[2, 6, 8, 10, 21, 22, 26, 27, 31, 35, 37, 46, 60, 61, 63, 70, 75, 79, 87, 90, 91, 92, 93, 99, 109, 113, 117, 119, 129, 133];[1, 4, 24, 53, 97, 102, 105, 116, 125, 138];[14, 20, 30, 41, 49, 55, 56, 62, 65, 67, 71, 72, 74, 76, 77, 78, 104, 108, 135, 137];[18, 85];[42, 47, 48, 54, 58, 64, 80, 81, 86, 128, 136];[57, 59, 95, 112, 131]
[6, 32, 37, 88, 92, 94, 115];[20, 30, 41, 49, 62, 65, 67, 72, 74, 76, 132, 134, 137];[11, 15, 19, 29, 34, 36, 43, 44, 45, 50, 52, 66, 68, 82, 83, 84, 89, 96, 100, 103, 107, 110, 114, 127];[5, 17, 118, 123, 124];[3, 9, 13, 16, 25, 39, 40, 51, 69, 73, 101, 121, 130];[0, 7, 12, 23, 28, 33, 38, 98, 106, 111, 120, 122, 126];[2, 8, 10, 21, 22, 26, 27, 31, 35, 46, 60, 61, 63, 70, 75, 79, 87, 90, 91, 93, 99, 109, 113, 117, 119, 129, 133];[18, 85];[42, 47, 48, 54, 58, 64, 80, 81, 86, 128, 136];[57, 59, 95, 112, 131];[1, 4, 102, 125];[14, 55, 56, 71, 77, 78, 104, 108, 135];[24, 53, 97, 105, 116, 138]
[6, 32, 37, 88, 92, 94, 115];[11, 15, 19, 29, 34, 36, 43, 45, 50, 52, 66, 68, 82, 83, 89, 96, 100, 103, 107, 110, 114, 127];[3, 9, 13, 16, 25, 39, 40, 51, 69, 73, 101, 121, 130];[44, 77, 78, 84, 108];[14, 55, 56, 71, 104, 116, 135];[5, 17, 118, 123, 124];[18, 85];[20, 30, 41, 49, 62, 65, 67, 72, 74, 76, 132, 134, 137];[1, 4, 102, 125];[0, 7, 12, 23, 28, 33, 38, 98, 106, 111, 120, 122, 126];[57, 59, 95, 112, 131];[42, 47, 48, 54, 58, 64, 80, 81, 86, 128, 136];[2, 8, 10, 21, 22, 26, 27, 31, 35, 46, 60, 61, 63, 70, 75, 79, 87, 90, 91, 93, 99, 109, 113, 117, 119, 129, 133];[24, 53, 97, 105, 138]
