baseAlgorithms : ['Kmeans', 'Spectral']
repeatBPgen : 1
maxClustSize : 139
Coverage : 50
patType : pat
V : 161
clustPatDF.shape : (25, 161)
Kmin : 2
Kmax : 15
minAppar : 0
maxAppar : 2
Discriminativeness : 10
nbMaxMoreThan1 : 20
nbMaxLessThan1 : 20
nbMaxDiffThan1 : 40
idObj : 9

--- RESULTS ---

times : [0.0, 0.0, 1.92, 0.26, 31.0]
allClust : [[3, 9, 13, 16, 25, 39, 40, 42, 47, 48, 51, 54, 58, 64, 69, 73, 80, 81, 86, 101, 121, 128, 130, 136], [0, 7, 11, 12, 15, 19, 23, 28, 29, 33, 34, 36, 38, 42, 43, 44, 45, 50, 52, 57, 59, 66, 68, 82, 83, 84, 89, 95, 96, 98, 100, 103, 106, 107, 110, 111, 112, 114, 120, 122, 126, 127, 131], [18, 85], [2, 6, 8, 10, 21, 22, 26, 27, 31, 35, 37, 46, 60, 61, 63, 70, 75, 79, 87, 90, 91, 92, 93, 94, 99, 109, 113, 115, 117, 119, 129, 133], [1, 4, 14, 20, 24, 30, 41, 49, 53, 55, 56, 62, 65, 67, 71, 72, 74, 76, 77, 78, 97, 102, 104, 105, 108, 116, 125, 132, 134, 135, 137, 138]]
allClustLen : [24, 43, 2, 32, 32]
descrNames : [[['NbReturns>1.0', 'userdId_1', 'NbVars<=2.0', 'NbParams>1.0', 'HasIfElifElse', 'InstDepth<=3.0']], [['userdId_34', 'NbReturns<=1.0', 'NbTokens<=75.0', 'NbLines<=10.0', 'NbVars<=2.0', 'NbParams>1.0', 'HasIf', 'InstDepth<=3.0']], [['NbReturns<=1.0', 'userdId_9', 'NbTokens<=75.0', 'NbLines<=10.0', 'NbVars<=2.0', 'NbParams>1.0', 'HasIfElifElse', 'InstDepth<=3.0']], [['NbReturns<=1.0', 'NbTokens>75.0', 'NbLines>10.0', 'NbVars<=2.0', 'NbParams>1.0', 'HasIf', 'InstDepth>3.0']], [['HasIfInLoop', 'userdId_23', 'NbReturns<=1.0', 'NbTokens>75.0', 'NbLines<=10.0', 'NbVars<=2.0', 'NbParams>1.0', 'HasForLoop', 'InstDepth<=3.0']]]
descrPatIds : [[8, 9], [10], [11], [12, 6], [5]]
descrTagsIds : [['[35, 4, 17, 20, 24, 25, 26, 27, 28]', '[35, 40, 16, 17, 20, 24, 25, 26, 27, 28]'], ['[1, 34, 39, 15, 17, 20, 24, 28]'], ['[34, 7, 39, 15, 17, 20, 24, 25, 26, 27, 28]'], ['[34, 40, 16, 17, 20, 24, 29]', '[34, 40, 16, 17, 20, 24, 25, 26, 27]'], ['[32, 2, 34, 40, 15, 17, 20, 21, 22, 24, 28]']]
nbNotAttrib : 7
nbMultiAttrib : 1
nbOfClusterForEachInstance : [1 1 1 1 1 0 1 1 1 1 1 1 1 1 1 1 1 0 1 1 1 1 1 1 1 1 1 1 1 1 1 1 0 1 1 1 1
 1 1 1 1 1 2 1 1 1 1 1 1 1 1 1 1 1 1 1 1 1 1 1 1 1 1 1 1 1 1 1 1 1 1 1 1 1
 1 1 1 1 1 1 1 1 1 1 1 1 1 1 0 1 1 1 1 1 1 1 1 1 1 1 1 1 1 1 1 1 1 1 1 1 1
 1 1 1 1 1 1 1 0 1 1 1 1 0 0 1 1 1 1 1 1 1 1 1 1 1 1 1 1]
---- : ----
PCRs : [(0.71, 0.17), (0.51, 0.0), (1.0, 0.0), (0.62, 0.09), (0.94, 0.0)]
DCs : [0.96, 0.51, 1.0, 0.81, 0.94]
IPSs : [(1.0, 0.0), (0.96, 0.0), (0.99, 0.0), (1.0, 0.0), (0.99, 0.0)]
SINGs : [(1.0, 0.0), (1.0, 0.0), (1.0, 0.0), (1.0, 0.0), (1.0, 0.0)]
IPCs : [(1.0, 0.0), (0.98, 0.0), (0.99, 0.0), (1.0, 0.0), (0.99, 0.0)]
patPCRs : [[0.875, 0.5416666666666666], [0.5116279069767442], [1.0], [0.53125, 0.71875], [0.9375]]
patDCs : []
patIPSs : [[0.991304347826087, 1.0], [0.9583333333333334], [0.9854014598540146], [0.9906542056074766, 1.0], [0.9906542056074766]]
patSINGs : [[1.0, 1.0], [1.0], [1.0], [1.0, 1.0], [1.0]]
patIPCs : [[0.9941860465116279, 1.0], [0.984375], [0.9883720930232558], [0.9941860465116279, 1.0], [0.9941860465116279]]
Optional results : []
