[1, 2, 3, 4, 6, 7, 8, 9, 12, 13, 15, 16, 17, 18, 19, 21, 22, 23, 25, 26, 27, 28, 30, 31, 32, 33, 35, 36, 37, 38, 39, 41, 42, 43, 45, 46, 47, 49, 50, 51, 53, 54, 55, 58, 59, 60, 61, 62, 64, 65, 66, 67, 68, 69, 70, 71, 74, 75, 78, 79, 80, 81, 84, 85, 86, 87, 89, 90, 91, 92, 93, 94, 96, 98, 99, 100, 104, 105, 106, 107, 109, 111, 112, 114, 116];[0, 5, 10, 11, 14, 20, 24, 29, 34, 40, 44, 48, 52, 56, 57, 63, 72, 73, 76, 77, 82, 83, 88, 95, 97, 101, 102, 103, 108, 110, 113, 115]
[29, 48, 76, 77];[1, 3, 4, 6, 8, 12, 15, 19, 21, 22, 23, 26, 30, 32, 33, 36, 39, 41, 45, 46, 49, 51, 53, 54, 55, 58, 59, 61, 62, 64, 65, 66, 70, 74, 78, 79, 81, 84, 85, 86, 87, 89, 90, 91, 92, 93, 94, 96, 98, 100, 104, 111, 112, 114, 116];[0, 2, 5, 7, 9, 10, 11, 13, 14, 16, 17, 18, 20, 24, 25, 27, 28, 31, 34, 35, 37, 38, 40, 42, 43, 44, 47, 50, 52, 56, 57, 60, 63, 67, 68, 69, 71, 72, 73, 75, 80, 82, 83, 88, 95, 97, 99, 101, 102, 103, 105, 106, 107, 108, 109, 110, 113, 115]
[0, 5, 10, 11, 14, 20, 24, 26, 34, 40, 44, 52, 53, 56, 57, 63, 72, 73, 77, 82, 83, 88, 90, 95, 96, 97, 101, 102, 103, 108, 110, 113, 115];[2, 6, 7, 9, 13, 16, 17, 18, 22, 25, 27, 28, 31, 35, 37, 38, 39, 42, 43, 45, 47, 50, 55, 60, 61, 62, 67, 68, 69, 70, 71, 75, 80, 98, 99, 100, 105, 106, 107, 109, 114];[29, 48, 76];[1, 3, 4, 8, 12, 15, 19, 21, 23, 30, 32, 33, 36, 41, 46, 49, 51, 54, 58, 59, 64, 65, 66, 74, 78, 79, 81, 84, 85, 86, 87, 89, 91, 92, 93, 94, 104, 111, 112, 116]
[2, 6, 7, 9, 13, 17, 22, 25, 37, 39, 42, 43, 45, 47, 50, 55, 61, 62, 67, 68, 69, 70, 71, 80, 98, 100, 114];[10, 16, 18, 27, 28, 31, 35, 38, 44, 60, 75, 95, 99, 102, 105, 106, 107, 109];[1, 3, 4, 8, 12, 15, 19, 21, 23, 26, 30, 32, 33, 36, 41, 46, 49, 51, 53, 54, 58, 59, 64, 65, 66, 74, 78, 79, 81, 84, 85, 86, 87, 89, 90, 91, 92, 93, 94, 96, 104, 111, 112, 116];[29, 48, 76];[0, 5, 11, 14, 20, 24, 34, 40, 52, 56, 57, 63, 72, 73, 77, 82, 83, 88, 97, 101, 103, 108, 110, 113, 115]
[18, 27, 31, 35, 38, 44, 60, 99, 106, 107, 109];[1, 5, 10, 16, 19, 26, 53, 72, 90, 95, 96, 102, 105];[29, 48, 76];[3, 4, 8, 12, 15, 30, 33, 36, 41, 46, 51, 54, 58, 59, 64, 65, 66, 74, 78, 79, 81, 85, 86, 87, 89, 91, 92, 93, 94, 104, 111, 112, 116];[2, 6, 7, 9, 13, 17, 21, 22, 23, 25, 32, 37, 39, 42, 43, 45, 47, 49, 50, 55, 61, 62, 67, 68, 69, 70, 71, 80, 84, 98, 100, 114];[0, 11, 14, 20, 24, 28, 34, 40, 52, 56, 57, 63, 73, 75, 77, 82, 83, 88, 97, 101, 103, 108, 110, 113, 115]
[2, 7, 9, 14, 25, 37, 42, 43, 47, 50, 56, 67, 68, 69, 71, 80];[6, 13, 17, 22, 39, 45, 55, 61, 62, 70, 98, 100, 114];[29, 48, 76];[0, 11, 20, 24, 28, 34, 40, 52, 57, 63, 73, 75, 77, 82, 83, 88, 97, 101, 103, 108, 110, 113, 115];[3, 4, 8, 12, 15, 21, 23, 30, 32, 33, 36, 41, 46, 49, 51, 54, 58, 59, 64, 65, 66, 74, 78, 79, 81, 84, 85, 86, 87, 89, 91, 92, 93, 94, 104, 111, 112, 116];[1, 5, 10, 16, 19, 26, 53, 72, 90, 95, 96, 102, 105];[18, 27, 31, 35, 38, 44, 60, 99, 106, 107, 109]
[21, 23, 32, 49, 84];[2, 7, 9, 14, 25, 37, 42, 43, 47, 50, 56, 67, 68, 69, 71, 80, 88];[3, 4, 8, 12, 15, 30, 33, 36, 41, 46, 51, 54, 58, 59, 64, 65, 66, 74, 78, 79, 81, 85, 86, 87, 89, 91, 92, 93, 94, 104, 111, 112, 116];[6, 13, 17, 22, 39, 45, 55, 61, 62, 70, 98, 100, 114];[0, 11, 20, 24, 28, 34, 40, 52, 57, 63, 73, 75, 77, 82, 83, 97, 101, 103, 108, 110, 113, 115];[29, 48, 76];[18, 27, 31, 35, 38, 44, 60, 99, 106, 107, 109];[1, 5, 10, 16, 19, 26, 53, 72, 90, 95, 96, 102, 105]
[6, 13, 17, 22, 39, 45, 55, 61, 62, 70, 98, 100, 114];[2, 7, 9, 14, 25, 37, 42, 43, 47, 50, 56, 67, 68, 69, 71, 80, 88];[8, 15, 33, 46, 54, 58, 64, 66, 78, 79, 87, 89, 92, 93, 94, 104, 111];[29, 48, 76];[0, 11, 20, 24, 34, 40, 52, 57, 63, 73, 77, 82, 83, 97, 101, 103, 108, 110, 113, 115];[18, 27, 28, 31, 35, 38, 44, 60, 75, 99, 106, 107, 109];[5, 10, 26, 53, 72, 90, 95, 96, 102, 105];[1, 3, 4, 12, 16, 19, 30, 36, 41, 51, 59, 65, 74, 81, 85, 86, 91, 112, 116];[21, 23, 32, 49, 84]
[18, 27, 31, 35, 38, 44, 60, 99, 106, 107, 109];[1, 3, 4, 12, 30, 36, 41, 51, 59, 65, 74, 81, 85, 86, 91, 111, 112, 116];[0, 11, 20, 24, 34, 40, 52, 57, 63, 73, 77, 82, 83, 97, 101, 103, 108, 110, 113, 115];[2, 7, 9, 14, 25, 37, 42, 43, 47, 50, 56, 67, 68, 69, 71, 80, 88];[6, 13, 17, 22, 39, 45, 55, 61, 62, 70, 98, 100, 114];[29, 48, 76];[8, 15, 33, 46, 54, 58, 64, 66, 78, 79, 87, 89, 92, 93, 94, 104];[5, 10, 26, 53, 72, 90, 95, 96, 102];[16, 19, 28, 75, 105];[21, 23, 32, 49, 84]
[4, 8, 64, 111];[0, 11, 20, 24, 34, 40, 52, 57, 63, 73, 77, 82, 83, 88, 97, 101, 103, 108, 110, 113, 115];[2, 7, 9, 14, 25, 37, 42, 43, 47, 50, 56, 67, 68, 69, 71, 80];[5, 10, 26, 53, 72, 90, 95, 96, 102, 105];[29, 48, 76];[18, 27, 31, 35, 38, 44, 60, 99, 106, 107, 109];[15, 33, 46, 54, 58, 66, 78, 79, 87, 89, 92, 93, 94, 104];[21, 23, 32, 49, 84];[28, 75];[6, 13, 17, 22, 39, 45, 55, 61, 62, 70, 98, 100, 114];[1, 3, 12, 16, 19, 30, 36, 41, 51, 59, 65, 74, 81, 85, 86, 91, 112, 116]
[29, 48, 76];[1, 3, 4, 12, 19, 30, 36, 41, 51, 59, 65, 74, 81, 85, 86, 91, 112, 116];[0, 11, 20, 24, 34, 40, 52, 57, 63, 73, 77, 82, 83, 88, 97, 101, 103, 108, 110, 113, 115];[6, 13, 17, 22, 39, 45, 55, 61, 62, 70, 98, 100, 114];[8, 15, 33, 46, 54, 58, 64, 66, 78, 79, 87, 89, 92, 93, 94, 104, 111];[31, 60];[2, 7, 9, 14, 25, 37, 42, 43, 47, 50, 56, 67, 68, 69, 71, 80];[21, 23, 32, 49, 84];[18, 27, 35, 38, 44, 99, 106, 107, 109];[5, 26, 53, 72, 90, 96];[28, 75];[10, 16, 95, 102, 105]
[31, 40, 60, 113];[8, 15, 33, 46, 54, 58, 64, 66, 78, 79, 87, 89, 92, 93, 94, 104, 116];[18, 27, 35, 38, 44, 99, 106, 107, 109];[7, 14, 25, 42, 47, 50, 56, 67, 68, 71, 80];[21, 23, 32, 49, 84];[29, 48, 76];[1, 3, 4, 12, 19, 30, 36, 41, 51, 59, 65, 74, 81, 85, 86, 91, 111, 112];[5, 10, 26, 53, 72, 90, 95, 96, 102, 105];[6, 13, 22, 39, 45, 55, 61, 62, 70, 98, 100, 114];[16, 28, 75];[2, 9, 17, 37, 43, 69];[0, 11, 20, 24, 34, 52, 57, 63, 73, 82, 83, 88, 97, 101, 103, 108, 110, 115];[77]
[0, 11, 20, 24, 34, 40, 52, 57, 63, 73, 82, 83, 97, 101, 103, 108, 110, 113, 115];[3, 4, 12, 30, 36, 41, 51, 59, 65, 74, 81, 85, 86, 91, 111, 112, 116];[6, 13, 17, 22, 39, 45, 55, 61, 62, 70, 98, 100, 114];[18, 27, 31, 35, 38, 44, 60, 99, 106, 107, 109];[29, 48, 76];[7, 14, 25, 42, 47, 50, 56, 68, 71, 80, 88];[5, 26, 53, 72, 90, 96];[8, 15, 33, 46, 54, 58, 64, 66, 78, 79, 87, 89, 92, 93, 94, 104];[21, 23, 32, 49, 84];[1, 16, 19, 105];[28, 75];[10, 95, 102];[77];[2, 9, 37, 43, 67, 69]
[0, 2, 5, 6, 7, 9, 10, 11, 13, 14, 16, 17, 18, 20, 22, 24, 25, 26, 27, 28, 29, 31, 34, 35, 37, 38, 39, 40, 42, 43, 44, 47, 48, 50, 52, 53, 56, 57, 60, 61, 63, 67, 68, 69, 70, 71, 72, 73, 75, 76, 77, 80, 82, 83, 88, 90, 95, 96, 97, 98, 99, 100, 101, 102, 103, 105, 106, 107, 108, 109, 110, 113, 115];[1, 3, 4, 8, 12, 15, 19, 21, 23, 30, 32, 33, 36, 41, 45, 46, 49, 51, 54, 55, 58, 59, 62, 64, 65, 66, 74, 78, 79, 81, 84, 85, 86, 87, 89, 91, 92, 93, 94, 104, 111, 112, 114, 116]
[1, 3, 6, 7, 12, 19, 21, 22, 23, 26, 30, 32, 36, 39, 41, 45, 49, 51, 53, 55, 59, 61, 62, 65, 70, 74, 81, 84, 85, 86, 90, 91, 96, 98, 100, 112, 114, 116];[4, 8, 15, 18, 27, 33, 35, 38, 46, 54, 58, 64, 66, 78, 79, 87, 89, 92, 93, 94, 99, 104, 106, 107, 109, 111];[0, 2, 5, 9, 10, 11, 13, 14, 16, 17, 20, 24, 25, 28, 29, 31, 34, 37, 40, 42, 43, 44, 47, 48, 50, 52, 56, 57, 60, 63, 67, 68, 69, 71, 72, 73, 75, 76, 77, 80, 82, 83, 88, 95, 97, 101, 102, 103, 105, 108, 110, 113, 115]
[0, 5, 10, 11, 14, 20, 24, 26, 29, 34, 40, 48, 52, 53, 56, 57, 63, 72, 73, 76, 77, 82, 83, 88, 90, 95, 96, 97, 101, 102, 103, 105, 108, 110, 113, 115];[2, 6, 7, 9, 13, 17, 21, 22, 23, 25, 32, 37, 39, 42, 43, 45, 47, 49, 50, 55, 61, 62, 67, 68, 69, 70, 71, 80, 84, 86, 98, 100, 114];[1, 3, 4, 8, 12, 15, 19, 30, 33, 36, 41, 46, 51, 54, 58, 59, 64, 65, 66, 74, 78, 79, 81, 85, 87, 89, 91, 92, 93, 94, 104, 111, 112, 116];[16, 18, 27, 28, 31, 35, 38, 44, 60, 75, 99, 106, 107, 109]
[1, 5, 10, 19, 26, 53, 72, 90, 95, 96, 102];[2, 6, 7, 9, 13, 17, 21, 22, 23, 25, 32, 37, 39, 42, 43, 45, 47, 49, 50, 55, 61, 62, 67, 68, 69, 70, 71, 80, 84, 86, 98, 100, 114];[3, 4, 8, 12, 15, 30, 33, 36, 41, 46, 51, 54, 58, 59, 64, 65, 66, 74, 78, 79, 81, 85, 87, 89, 91, 92, 93, 94, 104, 111, 112, 116];[0, 11, 14, 16, 20, 24, 28, 29, 34, 40, 48, 52, 56, 57, 63, 73, 75, 76, 77, 82, 83, 88, 97, 101, 103, 105, 108, 110, 113, 115];[18, 27, 31, 35, 38, 44, 60, 99, 106, 107, 109]
[16, 19, 28, 75, 105];[3, 4, 8, 12, 15, 30, 33, 36, 41, 46, 51, 54, 58, 59, 64, 65, 66, 74, 78, 79, 81, 85, 87, 89, 91, 92, 93, 94, 104, 111, 112, 116];[1, 10, 26, 53, 72, 90, 95, 96, 102];[2, 6, 7, 9, 13, 17, 21, 22, 23, 25, 32, 37, 39, 42, 43, 45, 47, 49, 50, 55, 61, 62, 67, 68, 69, 70, 71, 80, 84, 86, 98, 100, 114];[0, 5, 11, 14, 20, 24, 29, 34, 40, 48, 52, 56, 57, 63, 73, 76, 77, 82, 83, 88, 97, 101, 103, 108, 110, 113, 115];[18, 27, 31, 35, 38, 44, 60, 99, 106, 107, 109]
[3, 4, 8, 12, 15, 30, 33, 36, 41, 46, 51, 54, 58, 59, 64, 65, 66, 74, 78, 79, 81, 85, 87, 89, 91, 92, 93, 94, 104, 111, 112, 116];[18, 27, 31, 35, 38, 60, 99, 106, 107, 109];[16, 19, 28, 75, 105];[1, 5, 10, 26, 53, 72, 90, 95, 96, 102];[2, 7, 9, 14, 21, 23, 25, 32, 37, 42, 43, 47, 49, 50, 56, 67, 68, 69, 71, 80, 84, 86];[0, 11, 20, 24, 29, 34, 40, 44, 48, 52, 57, 63, 73, 76, 77, 82, 83, 88, 97, 101, 103, 108, 110, 113, 115];[6, 13, 17, 22, 39, 45, 55, 61, 62, 70, 98, 100, 114]
[0, 5, 11, 20, 24, 29, 31, 34, 40, 44, 48, 52, 57, 60, 63, 73, 76, 82, 83, 88, 97, 101, 103, 108, 110, 113, 115];[3, 4, 12, 30, 36, 41, 51, 59, 65, 74, 81, 85, 86, 91, 92, 111, 112];[2, 7, 9, 14, 21, 23, 25, 32, 37, 42, 43, 47, 49, 50, 56, 67, 68, 69, 71, 80, 84];[1, 10, 19, 26, 53, 72, 90, 95, 96, 102, 105];[18, 27, 35, 38, 99, 106, 107, 109];[6, 13, 17, 22, 39, 45, 55, 61, 62, 70, 98, 100, 114];[8, 15, 33, 46, 54, 58, 64, 66, 78, 79, 87, 89, 93, 94, 104];[16, 28, 75, 77, 116]
[2, 9, 14, 25, 29, 31, 37, 42, 43, 47, 48, 50, 56, 60, 67, 68, 71, 76, 80];[3, 4, 7, 12, 30, 36, 41, 51, 59, 65, 74, 81, 85, 86, 91, 111, 112];[18, 27, 35, 38, 99, 106, 107, 109];[8, 15, 33, 44, 46, 54, 58, 64, 66, 78, 79, 87, 89, 92, 93, 94, 104];[1, 5, 10, 19, 26, 53, 72, 90, 95, 96, 102, 105];[16, 28, 75];[21, 23, 32, 49, 69, 84];[6, 13, 17, 22, 39, 45, 55, 61, 62, 70, 98, 100, 114];[0, 11, 20, 24, 34, 40, 52, 57, 63, 73, 77, 82, 83, 88, 97, 101, 103, 108, 110, 113, 115, 116]
[1, 16, 19, 105];[3, 7, 12, 30, 36, 41, 51, 59, 65, 74, 81, 85, 86, 91, 112];[18, 27, 35, 38, 99, 106, 107, 109];[0, 11, 14, 20, 24, 29, 34, 40, 44, 48, 52, 56, 57, 63, 73, 76, 77, 82, 83, 88, 97, 101, 103, 108, 110, 113, 115];[13, 17, 28, 75, 116];[5, 10, 26, 53, 72, 90, 95, 96, 102];[6, 22, 39, 45, 55, 61, 62, 70, 98, 100, 114];[4, 8, 64, 111];[2, 9, 21, 23, 25, 31, 32, 37, 42, 43, 47, 49, 50, 60, 67, 68, 69, 71, 80, 84];[15, 33, 46, 54, 58, 66, 78, 79, 87, 89, 92, 93, 94, 104]
[0, 7, 11, 14, 20, 24, 34, 40, 52, 56, 57, 63, 73, 82, 83, 88, 97, 101, 103, 108, 110, 113, 115];[15, 33, 46, 54, 66, 78, 79, 87, 89, 93, 104];[2, 9, 25, 29, 37, 42, 43, 47, 48, 50, 67, 68, 71, 76, 80];[18, 27, 31, 35, 38, 44, 58, 60, 94, 99, 106, 107, 109];[17, 21, 23, 32, 49, 69, 84, 86];[3, 12, 30, 36, 41, 51, 59, 65, 74, 81, 85, 91, 92, 112];[6, 13, 22, 39, 45, 55, 61, 62, 70, 98, 100, 114];[1, 19, 105];[16, 28, 75, 77, 116];[5, 10, 26, 53, 72, 90, 95, 96, 102];[4, 8, 64, 111]
[18, 27, 35, 38, 99, 106, 107, 109];[3, 12, 30, 36, 41, 51, 58, 59, 65, 74, 81, 85, 91, 92, 94, 112];[29, 31, 40, 44, 48, 60, 73, 76, 77, 113];[2, 7, 9, 14, 25, 37, 42, 43, 47, 50, 52, 56, 57, 67, 68, 69, 71, 80, 88];[16, 28, 75, 116];[4, 8, 64, 111];[6, 13, 17, 22, 39, 45, 55, 61, 62, 70, 98, 100, 114];[1, 19, 105];[0, 11, 20, 24, 34, 63, 82, 83, 97, 101, 103, 108, 110, 115];[5, 26, 53, 72, 90, 96];[10, 21, 23, 32, 49, 84, 86, 95, 102];[15, 33, 46, 54, 66, 78, 79, 87, 89, 93, 104]
[2, 7, 14, 25, 37, 42, 43, 47, 50, 56, 57, 67, 68, 71, 80];[0, 11, 20, 24, 34, 40, 52, 63, 73, 82, 83, 88, 97, 101, 103, 108, 110, 113, 115];[18, 27, 31, 35, 38, 44, 58, 60, 94, 99, 106, 107, 109];[5, 26, 53, 72, 90, 96];[3, 12, 30, 36, 41, 51, 59, 65, 74, 81, 85, 86, 91, 92, 112];[6, 22, 39, 45, 55, 61, 62, 70, 98, 100, 114];[9, 13, 17, 21, 23, 32, 49, 69, 84];[15, 33, 46, 54, 66, 78, 79, 87, 89, 93, 104];[4, 8, 64, 111];[10, 95, 102];[29, 48, 76, 77];[16, 28, 75, 116];[1, 19, 105]
[5, 24, 31, 34, 40, 44, 52, 58, 60, 73, 88, 94, 97, 113, 115];[3, 12, 25, 30, 36, 41, 42, 47, 50, 51, 59, 65, 68, 74, 80, 81, 85, 91, 92, 112];[18, 27, 35, 38, 99, 106, 107, 109];[0, 7, 11, 20, 63, 82, 83, 86, 101, 103, 108, 110];[15, 33, 46, 54, 66, 78, 79, 87, 89, 93, 104];[2, 14, 37, 43, 56, 57, 67, 71];[1, 19, 26, 53, 72, 90, 96, 105];[6, 22, 39, 45, 55, 61, 62, 70, 98, 100, 114];[29, 48, 76, 77];[9, 13, 17, 69];[16, 28, 75, 116];[21, 23, 32, 49, 84];[4, 8, 64, 111];[10, 95, 102]
