baseAlgorithms : ['Kmeans', 'Spectral']
repeatBPgen : 1
maxClustSize : 117
Coverage : 50
patType : pat
V : 151
clustPatDF.shape : (41, 151)
Kmin : 2
Kmax : 15
minAppar : 0
maxAppar : 2
Discriminativeness : 10
nbMaxMoreThan1 : 20
nbMaxLessThan1 : 20
nbMaxDiffThan1 : 40
idObj : 9

--- RESULTS ---

times : [0.0, 0.0, 1.94, 0.38, 29.12]
allClust : [[1, 3, 4, 6, 8, 12, 15, 19, 21, 22, 23, 26, 30, 32, 33, 36, 39, 41, 45, 46, 49, 51, 53, 54, 55, 58, 59, 61, 62, 64, 65, 66, 70, 74, 78, 79, 81, 84, 85, 86, 87, 89, 90, 91, 92, 93, 94, 96, 98, 100, 104, 111, 112, 114, 116], [29, 48, 76], [31, 60], [18, 27, 35, 38, 44, 99, 106, 107, 109], [16, 28, 75, 77, 116], [2, 7, 9, 14, 25, 37, 42, 43, 47, 50, 52, 56, 57, 67, 68, 69, 71, 80, 88], [0, 11, 20, 24, 34, 40, 52, 63, 73, 82, 83, 88, 97, 101, 103, 108, 110, 113, 115], [10, 95, 102]]
allClustLen : [55, 3, 2, 9, 5, 19, 19, 3]
descrNames : [[['NbReturns>1.0', 'HasImport', 'NbTokens>75.0', 'NbLines>10.0', 'NbVars>2.0', 'NbParams>1.0', 'HasIfElif', 'InstDepth<=3.0']], [['NbReturns<=1.0', 'NbTokens>75.0', 'userdId_32', 'NbLines<=10.0', 'NbVars>2.0', 'NbParams>1.0', 'HasIfElifElse', 'InstDepth<=3.0']], [['NbReturns>1.0', 'NbTokens>75.0', 'userdId_42', 'NbLines>10.0', 'NbVars>2.0', 'NbParams>1.0', 'HasIfElse', 'InstDepth<=3.0']], [['NbReturns>1.0', 'userdId_21', 'NbTokens>75.0', 'NbLines<=10.0', 'NbVars>2.0', 'NbParams>1.0', 'HasIf', 'InstDepth<=3.0']], [['NbReturns<=1.0', 'NbTokens>75.0', 'userdId_53', 'NbLines>10.0', 'NbVars>2.0', 'NbParams>1.0', 'HasIf', 'InstDepth<=3.0']], [['NbReturns<=1.0', 'userdId_12', 'NbTokens>75.0', 'NbLines<=10.0', 'NbVars<=2.0', 'NbParams>1.0', 'HasIf', 'InstDepth<=3.0']], [['userdId_8', 'NbReturns<=1.0', 'NbLines<=10.0', 'NbParams>1.0', 'HasIf', 'InstDepth<=3.0']], [['NbReturns<=1.0', 'HasPrint', 'userdId_21', 'NbTokens>75.0', 'NbLines>10.0', 'NbVars>2.0', 'NbParams>1.0', 'HasIfElse', 'InstDepth<=3.0']]]
descrPatIds : [[7, 8], [6], [26], [19], [25], [30], [31], [28]]
descrTagsIds : [['[35, 38, 40, 16, 18, 20, 24, 26, 28]', '[38, 40, 16, 18, 20, 24, 25, 26, 27, 28]'], ['[34, 40, 11, 15, 18, 20, 24, 25, 26, 27, 28]'], ['[35, 40, 12, 16, 18, 20, 24, 25, 28]'], ['[35, 5, 40, 15, 18, 20, 24, 28]'], ['[34, 40, 10, 16, 18, 20, 24, 28]'], ['[34, 3, 40, 15, 17, 20, 24, 28]'], ['[1, 34, 15, 20, 24, 28]'], ['[34, 36, 5, 40, 16, 18, 20, 24, 25, 28]']]
nbNotAttrib : 5
nbMultiAttrib : 3
nbOfClusterForEachInstance : [1 1 1 1 1 0 1 1 1 1 1 1 1 0 1 1 1 0 1 1 1 1 1 1 1 1 1 1 1 1 1 1 1 1 1 1 1
 1 1 1 1 1 1 1 1 1 1 1 1 1 1 1 2 1 1 1 1 1 1 1 1 1 1 1 1 1 1 1 1 1 1 1 0 1
 1 1 1 1 1 1 1 1 1 1 1 1 1 1 2 1 1 1 1 1 1 1 1 1 1 1 1 1 1 1 1 0 1 1 1 1 1
 1 1 1 1 1 2]
---- : ----
PCRs : [(0.55, 0.04), (1.0, 0.0), (1.0, 0.0), (1.0, 0.0), (0.6, 0.0), (0.53, 0.0), (0.53, 0.0), (1.0, 0.0)]
DCs : [0.67, 1.0, 1.0, 1.0, 0.6, 0.53, 0.53, 1.0]
IPSs : [(1.0, 0.0), (1.0, 0.0), (0.98, 0.0), (1.0, 0.0), (1.0, 0.0), (0.98, 0.0), (0.97, 0.0), (1.0, 0.0)]
SINGs : [(1.0, 0.0), (1.0, 0.0), (1.0, 0.0), (1.0, 0.0), (1.0, 0.0), (1.0, 0.0), (1.0, 0.0), (1.0, 0.0)]
IPCs : [(1.0, 0.0), (1.0, 0.0), (0.99, 0.0), (1.0, 0.0), (1.0, 0.0), (1.0, 0.0), (0.99, 0.0), (1.0, 0.0)]
patPCRs : [[0.509090909090909, 0.5818181818181818], [1.0], [1.0], [1.0], [0.6], [0.5263157894736842], [0.5263157894736842], [1.0]]
patDCs : []
patIPSs : [[1.0, 1.0], [1.0], [0.9826086956521739], [1.0], [1.0], [0.9795918367346939], [0.9693877551020408], [1.0]]
patSINGs : [[1.0, 1.0], [1.0], [1.0], [1.0], [1.0], [1.0], [1.0], [1.0]]
patIPCs : [[1.0, 1.0], [1.0], [0.9948051948051948], [1.0], [1.0], [1.0], [0.9898838004101164], [1.0]]
Optional results : []
