0;2;4;5;6;7;8;11;12;13;14;15;16;19;20;21;23;24;25;27;28;29;30;31;32;33;35;36;37;38;40;41;42;43;45;46;47;49;50;51;52;53;54;55;56;57;62;63;64;66;67;68;69;70;71;72;74;75;76;77;81;82;83;85;87;88;89;90;91;92;93;94;95;96;98;99;102;103;105;106;107;109;110;111;113;115;116;118;120;123;124;125;127;128;129;130;131;132;133;134;135;136;137;138;139;140;141;142;143;145
1;3;9;10;17;18;22;26;34;39;44;48;58;59;60;61;65;73;78;79;80;84;86;97;100;101;104;108;112;114;117;119;121;122;126;144
4;6;7;8;11;13;14;15;23;28;29;32;33;35;36;41;42;46;49;50;52;53;55;63;64;66;67;70;72;74;75;82;85;88;89;90;93;94;102;103;107;110;111;113;115;116;118;120;123;124;127;131;133;134;136;138;139;142
9;10;17;18;22;26;34;39;44;58;59;60;61;65;73;78;79;80;84;97;100;101;104;108;112;114;117;119;121;122;126;144
0;1;2;3;5;12;16;19;20;21;24;25;27;30;31;37;38;40;43;45;47;48;51;54;56;57;62;68;69;71;76;77;81;83;86;87;91;92;95;96;98;99;105;106;109;125;128;129;130;132;135;137;140;141;143;145
4;6;7;8;11;13;14;15;23;28;29;32;33;35;36;41;42;46;49;50;52;53;55;63;64;66;67;70;72;74;75;82;85;88;89;90;93;94;102;103;107;110;111;113;115;116;118;120;123;124;127;131;133;134;136;138;139;142
3;26;34;44;48;58;78;144
1;9;10;17;18;22;39;59;60;61;65;73;79;80;84;97;100;101;104;108;112;114;117;119;121;122;126
0;2;5;12;16;19;20;21;24;25;27;30;31;37;38;40;43;45;47;51;54;56;57;62;68;69;71;76;77;81;83;86;87;91;92;95;96;98;99;105;106;109;125;128;129;130;132;135;137;140;141;143;145
0;2;3;5;12;16;19;20;21;24;25;30;31;37;38;40;43;45;47;48;51;54;56;57;62;68;69;71;76;77;81;83;87;91;92;95;96;98;99;105;106;109;125;128;129;130;132;135;137;140;141;143;145
58;144
1;10;17;18;22;26;34;39;44;59;61;65;73;78;79;80;84;86;100;101;104;108;114;117;119;121;126
4;6;7;8;11;13;14;15;23;27;28;29;32;33;35;36;41;42;46;49;50;52;53;55;63;64;66;67;70;72;74;75;82;85;88;89;93;94;102;103;107;110;111;113;115;116;118;120;123;127;131;133;134;136;138;139;142
9;60;90;97;112;122;124
0;8;41;46;52;55;60;75;90;93;97;102;113;116;118;124;138;139
1;9;10;17;18;22;34;39;44;59;61;65;73;79;80;84;86;100;101;104;108;112;114;117;119;121;122;126
4;6;7;11;13;14;15;23;27;28;29;32;33;35;36;42;49;50;53;63;64;66;67;70;72;74;82;85;88;89;94;103;107;110;111;115;120;123;127;131;133;134;136;142
2;3;5;12;16;19;20;21;24;25;30;31;37;38;40;43;45;47;51;54;56;57;62;68;69;71;76;77;81;83;87;91;92;95;96;98;99;105;106;109;125;128;129;130;132;135;137;140;141;143;145
58;144
26;48;78
1;9;10;17;18;22;39;59;61;65;73;79;80;84;100;101;104;108;112;114;117;119;121;122;126
4;6;7;8;11;13;14;15;23;28;29;32;33;35;36;41;42;46;49;50;52;53;55;63;64;66;67;70;72;74;75;82;85;88;89;93;94;102;103;107;110;111;113;115;116;118;120;123;127;131;133;134;136;138;139;142
3;26;34;44;48;78
16;21;40;45;54;86;87;99;105;106;129;140
0;2;5;12;19;20;24;25;27;30;31;37;38;43;47;51;56;57;62;68;69;71;76;77;81;83;91;92;95;96;98;109;125;128;130;132;135;137;141;143;145
58;144
60;90;97;124
4;6;7;11;13;14;15;23;27;28;29;32;33;35;36;42;49;50;52;53;55;63;64;66;67;70;72;74;75;82;85;88;89;94;102;103;107;110;111;113;115;116;118;120;123;127;131;133;134;136;139;142
0;8;41;46;93;138
1;9;10;17;18;34;59;61;65;73;79;80;84;86;100;101;104;108;112;114;119;121;122
2;3;5;12;16;19;20;21;24;25;30;31;37;38;40;43;45;47;51;54;56;57;62;68;69;71;76;77;81;83;87;91;92;95;96;98;99;105;106;109;125;128;129;130;132;135;137;140;141;143;145
58;144
26;48;78
60;90;97;124
22;39;44;117;126
4;6;7;11;13;14;15;23;28;29;32;33;35;36;42;49;50;52;53;55;63;64;66;67;70;72;74;75;82;85;88;89;94;102;103;107;110;111;113;115;116;118;120;123;127;131;133;134;136;139;142
1;9;10;17;18;34;59;61;65;73;79;80;84;86;100;101;104;108;112;114;119;121;122
2;5;12;19;20;24;25;27;30;31;38;43;45;51;57;68;69;76;77;81;83;91;92;95;96;98;99;109;125;128;130;137;141;143;145
58;144
26;48;78
0;3;37;56;71;132;135
60;90;97;124
8;16;21;40;41;46;47;54;62;87;93;105;106;129;138;140
22;39;44;117;126
21;40;45;54;86;99;105;106;129;140
4;7;11;13;14;15;28;29;33;42;49;50;52;55;70;75;89;94;102;107;111;113;116;118;123;133;134;139;142
1;9;10;17;18;34;59;61;65;73;79;80;84;100;101;104;108;112;114;119;121;122
6;23;32;35;36;53;63;64;66;67;72;74;82;85;88;103;110;115;120;127;131;136
2;3;5;12;16;19;20;24;25;27;30;31;37;38;43;47;51;56;57;62;68;69;71;76;77;81;83;87;91;92;95;96;98;109;125;128;130;132;135;137;141;143;145
26;48;78
58;144
60;90;97;124
22;39;44;117;126
0;8;41;46;93;138
4;6;7;11;13;14;15;23;27;28;29;32;35;36;42;49;50;53;64;66;67;70;72;74;82;85;88;89;94;103;107;110;111;115;120;123;127;131;133;134;136;142
1;9;10;17;18;34;59;61;65;73;79;80;84;100;101;104;108;112;114;119;121;122
58;144
0;3;37;56;71;132;135
2;5;12;19;20;24;25;30;31;38;43;47;51;57;62;68;69;76;77;81;83;91;92;95;96;98;109;125;128;130;137;141;143;145
60;90;97;124
26;48;78
21;40;45;54;86;99;105;106;129;140
8;16;41;46;87;93;138
22;39;44;117;126
33;52;55;63;75;102;113;116;118;139
4;6;7;11;13;14;15;23;27;28;29;32;33;35;36;42;49;50;53;63;64;66;67;70;72;74;82;85;88;89;94;103;107;110;111;115;120;123;127;131;133;134;136;142
1;10;17;18;34;59;61;65;73;79;80;84;100;101;104;108;114;119;121;130
26;48;78
0;3;37;44;56;71;132;135
52;55;75;102;113;116;118;139
21;40;45;54;86;99;105;106;129;140
2;5;12;16;19;20;24;25;30;31;38;43;47;51;57;62;68;69;76;77;81;83;87;91;92;95;96;98;109;125;128;137;141;143;145
22;39;117;126
9;112;122
58;144
8;41;46;93;138
60;90;97;124
4;6;7;11;13;14;15;23;28;29;32;33;35;36;42;49;50;53;55;63;64;66;67;70;72;74;82;85;88;89;94;102;103;107;110;111;115;116;118;120;123;127;131;133;134;136;139;142
1;10;17;18;59;61;65;73;79;80;84;100;101;104;108;114;119
0;5;19;20;24;27;31;51;69;76;77;83;91;92;95;96;98;109;121;130;145
16;21;40;45;54;86;87;99;105;106;129;140
58;144
2;12;25;30;37;38;43;47;56;57;62;68;71;81;125;128;132;135;137;141;143
22;39;117;126
60;90;97;124
26;48;78
8;41;46;93;138
52;75;113
3;34;44
9;112;122
6;23;32;35;36;50;53;63;64;66;67;72;74;82;85;88;103;110;115;120;127;131;136
1;10;17;18;27;59;61;65;73;79;80;84;100;101;104;108;114;119;121;130
2;5;12;19;20;24;25;30;31;38;43;47;51;57;62;68;69;76;77;81;83;91;92;95;96;98;109;125;128;137;141;143;145
58;144
21;40;45;54;86;99;105;106;129;140
26;48;78
8;16;41;46;87;93;138
0;37;56;71;132;135
4;7;11;13;14;15;28;29;33;42;49;55;70;89;94;102;107;111;116;118;123;133;134;139;142
60;90;97;124
52;75;113
9;112;122
22;39;117;126
3;34;44
