baseAlgorithms : ['Kmeans']
repeatBPgen : 1
maxClustSize : 146
Coverage : 30
patType : pat
V : 94
clustPatDF.shape : (22, 94)
Kmin : 3
Kmax : 15
minAppar : 0
maxAppar : 2
Discriminativeness : 10
nbMaxMoreThan1 : 20
nbMaxLessThan1 : 20
nbMaxDiffThan1 : 40
idObj : 9

--- RESULTS ---

times : [0.14, 0.0, 0.79, 0.11, 14.06]
allClust : [[0, 2, 4, 5, 6, 7, 8, 11, 12, 13, 14, 15, 16, 19, 20, 21, 23, 24, 25, 27, 28, 29, 30, 31, 32, 33, 35, 36, 37, 38, 40, 41, 42, 43, 45, 46, 47, 49, 50, 51, 52, 53, 54, 55, 56, 57, 62, 63, 64, 66, 67, 68, 69, 70, 71, 72, 74, 75, 76, 77, 81, 82, 83, 85, 87, 88, 89, 90, 91, 92, 93, 94, 95, 96, 98, 99, 102, 103, 105, 106, 107, 109, 110, 111, 113, 115, 116, 118, 120, 123, 124, 125, 127, 128, 129, 130, 131, 132, 133, 134, 135, 136, 137, 138, 139, 140, 141, 142, 143, 145], [3, 26, 34, 44, 48, 78], [1, 9, 10, 17, 18, 34, 59, 61, 65, 73, 79, 80, 84, 86, 100, 101, 104, 108, 112, 114, 119, 121, 122], [58, 144]]
allClustLen : [110, 6, 23, 2]
descrNames : [[['NbParams<=1.0', 'HasWhileLoop', 'InstDepth<=3.0', 'HasIfInLoop', 'NbReturns<=1.0', 'NbTokens<=75.0', 'NbLines<=10.0', 'NbVars<=2.0']], [['NbParams<=1.0', 'userdId_48', 'HasForLoop', 'InstDepth>3.0', 'HasIfInLoop', 'NbReturns<=1.0', 'NbTokens<=75.0', 'NbLines<=10.0', 'NbVars<=2.0']], [['NbParams<=1.0', 'HasLoop', 'HasWhileLoop', 'userdId_20', 'InstDepth<=3.0', 'NbReturns<=1.0', 'NbTokens<=75.0', 'NbLines<=10.0', 'NbVars<=2.0']], [['NbVars>2.0', 'NbParams<=1.0', 'HasForLoop', 'InstDepth<=3.0', 'HasIfInLoop', 'NbReturns<=1.0', 'NbTokens<=75.0', 'userdId_6', 'PassedTestCases', 'NbLines<=10.0']]]
descrPatIds : [[1], [9], [2, 14], [11]]
descrTagsIds : [['[33, 35, 37, 38, 42, 46, 48, 53, 29, 31]'], ['[33, 2, 35, 36, 38, 43, 46, 48, 53, 29, 31]'], ['[33, 35, 37, 9, 42, 48, 53, 29, 31]', '[32, 33, 35, 37, 38, 9, 42, 46, 48, 53, 29]'], ['[32, 33, 35, 36, 38, 42, 46, 48, 53, 22, 55, 29]']]
nbNotAttrib : 6
nbMultiAttrib : 1
nbOfClusterForEachInstance : [1 1 1 1 1 1 1 1 1 1 1 1 1 1 1 1 1 1 1 1 1 1 0 1 1 1 1 1 1 1 1 1 1 1 2 1 1
 1 1 0 1 1 1 1 1 1 1 1 1 1 1 1 1 1 1 1 1 1 1 1 0 1 1 1 1 1 1 1 1 1 1 1 1 1
 1 1 1 1 1 1 1 1 1 1 1 1 1 1 1 1 1 1 1 1 1 1 1 0 1 1 1 1 1 1 1 1 1 1 1 1 1
 1 1 1 1 1 1 0 1 1 1 1 1 1 1 1 0 1 1 1 1 1 1 1 1 1 1 1 1 1 1 1 1 1 1 1]
---- : ----
PCRs : [(0.55, 0.0), (0.5, 0.0), (0.41, 0.07), (0.5, 0.0)]
DCs : [0.55, 0.5, 0.83, 0.5]
IPSs : [(0.83, 0.0), (1.0, 0.0), (0.98, 0.01), (1.0, 0.0)]
SINGs : [(0.67, 0.0), (0.67, 0.0), (0.67, 0.0), (1.0, 0.0)]
IPCs : [(0.99, 0.0), (1.0, 0.0), (0.99, 0.0), (1.0, 0.0)]
patPCRs : [[0.5454545454545454], [0.5], [0.4782608695652174, 0.34782608695652173], [0.5]]
patDCs : []
patIPSs : [[0.8333333333333334], [1.0], [0.991869918699187, 0.967479674796748], [1.0]]
patSINGs : [[0.6666666666666667], [0.6666666666666667], [0.6666666666666667, 0.6666666666666667], [1.0]]
patIPCs : [[0.9855072463768115], [1.0], [0.9969696969696971, 0.9878787878787879], [1.0]]
Optional results : []
