baseAlgorithms : ['Kmeans']
repeatBPgen : 1
maxClustSize : 1014
Coverage : 70
patType : tag
V : 8
clustPatDF.shape : (19, 8)
Kmin : 8
Kmax : 8
minAppar : 0
maxAppar : 2
Discriminativeness : 100
nbMaxMoreThan1 : 0
nbMaxLessThan1 : 0
nbMaxDiffThan1 : 0
idObj : 9

--- RESULTS ---

times : [0.0, 0.0, 0.02, 0.07, 19.11]
allClust : [[0, 1, 12, 13, 16, 17, 18, 19, 40, 43, 45, 55, 79, 87, 88, 96, 106, 108, 112, 122, 134, 136, 139, 144, 160, 173, 174, 180, 186, 188, 189, 191, 193, 197, 199, 200, 204, 208, 211, 215, 216, 219, 221, 225, 233, 238, 242, 252, 254, 258, 261, 262, 269, 279, 281, 283, 284, 285, 290, 295, 304, 310, 311, 318, 319, 320, 322, 323, 331, 333, 335, 350, 357, 363, 364, 368, 370, 371, 375, 392, 403, 414, 424, 426, 428, 431, 434, 435, 438, 449, 476, 480, 483, 487, 489, 496, 499, 500, 520, 524, 525, 536, 539, 542, 549, 553, 557, 564, 568, 571, 573, 584, 586, 587, 591, 597, 616, 647, 648, 656, 674, 681, 684, 693, 707, 720, 728, 731, 734, 737, 739, 742, 752, 755, 758, 759, 770, 780, 781, 789, 790, 793, 800, 803, 806, 818, 822, 824, 826, 838, 844, 848, 859, 861, 866, 875, 876, 877, 878, 891, 895, 897, 898, 901, 903, 906, 912, 915, 916, 920, 926, 929, 934, 938, 939, 940, 945, 947, 958, 967, 973, 980, 994, 1004, 1007, 1008], [6, 9, 11, 39, 46, 49, 50, 66, 75, 77, 78, 81, 94, 98, 104, 114, 117, 119, 120, 121, 123, 155, 156, 161, 162, 166, 178, 184, 185, 209, 217, 224, 234, 235, 239, 266, 297, 302, 305, 309, 316, 317, 329, 332, 349, 374, 376, 393, 397, 398, 401, 415, 416, 417, 419, 421, 439, 451, 462, 468, 470, 477, 482, 490, 495, 502, 509, 531, 547, 555, 567, 574, 575, 581, 608, 619, 620, 621, 642, 654, 678, 683, 687, 694, 719, 735, 740, 741, 748, 751, 753, 756, 761, 771, 775, 778, 782, 786, 804, 807, 810, 816, 833, 835, 836, 839, 841, 847, 855, 870, 871, 872, 881, 892, 896, 900, 905, 908, 909, 910, 917, 922, 924, 932, 948, 952, 956, 959, 962, 970, 972, 981, 983, 986, 987, 995, 1000, 1006, 1011], [10, 36, 38, 71, 91, 92, 103, 110, 118, 129, 133, 152, 181, 194, 210, 223, 232, 236, 237, 249, 275, 286, 315, 328, 337, 348, 352, 373, 379, 380, 386, 399, 407, 409, 411, 420, 430, 442, 463, 475, 486, 521, 534, 548, 556, 585, 589, 603, 606, 612, 655, 657, 659, 661, 665, 685, 696, 709, 726, 749, 763, 765, 773, 799, 808, 815, 828, 853, 882, 887, 893, 919, 923, 942, 951, 992], [35, 53, 84, 95, 102, 125, 127, 163, 176, 196, 230, 231, 247, 289, 321, 324, 391, 405, 412, 464, 469, 491, 498, 515, 528, 593, 596, 609, 622, 633, 641, 650, 688, 692, 702, 704, 705, 714, 717, 750, 774, 813, 814, 851, 858, 868, 880, 949, 971, 977], [8, 15, 25, 27, 33, 37, 44, 48, 52, 62, 64, 65, 67, 74, 89, 138, 149, 183, 206, 213, 220, 227, 250, 253, 255, 256, 276, 288, 292, 313, 327, 334, 366, 390, 395, 396, 408, 413, 423, 448, 450, 467, 474, 484, 493, 510, 511, 516, 522, 566, 569, 572, 580, 600, 611, 624, 631, 635, 638, 675, 680, 695, 708, 711, 713, 715, 722, 743, 744, 746, 754, 760, 796, 802, 805, 819, 823, 837, 842, 865, 869, 883, 914, 937, 954, 960, 968], [2, 3, 7, 14, 22, 28, 32, 41, 42, 54, 56, 58, 60, 68, 69, 73, 76, 85, 93, 100, 109, 111, 115, 126, 128, 135, 140, 141, 142, 147, 154, 157, 159, 164, 169, 171, 172, 175, 179, 190, 195, 198, 202, 229, 240, 243, 245, 259, 260, 267, 268, 270, 272, 278, 280, 287, 293, 300, 301, 303, 306, 312, 314, 325, 336, 339, 340, 341, 346, 351, 354, 356, 362, 365, 372, 381, 402, 418, 422, 427, 433, 437, 441, 443, 447, 452, 453, 454, 457, 460, 465, 481, 485, 501, 503, 504, 506, 512, 517, 518, 523, 527, 533, 535, 537, 540, 541, 543, 546, 552, 558, 560, 563, 565, 576, 577, 582, 583, 602, 610, 613, 614, 617, 623, 626, 629, 630, 632, 637, 639, 646, 662, 663, 664, 666, 670, 671, 673, 677, 679, 682, 689, 690, 698, 700, 712, 729, 733, 736, 747, 757, 766, 772, 776, 787, 795, 797, 798, 801, 817, 820, 825, 827, 845, 849, 850, 852, 857, 860, 862, 864, 874, 884, 885, 886, 889, 902, 904, 907, 921, 927, 933, 935, 941, 944, 950, 955, 975, 976, 978, 984, 988, 996, 997, 998, 1002, 1009, 1010], [4, 5, 30, 31, 97, 143, 145, 148, 170, 203, 241, 244, 263, 294, 344, 353, 367, 369, 429, 432, 436, 440, 466, 479, 538, 544, 562, 601, 605, 627, 634, 643, 651, 667, 668, 669, 701, 710, 718, 724, 762, 777, 779, 783, 792, 854, 928, 936, 946, 999], [20, 21, 23, 24, 26, 29, 34, 47, 51, 57, 59, 61, 63, 70, 72, 80, 82, 83, 86, 90, 99, 101, 105, 107, 113, 116, 124, 130, 131, 132, 137, 146, 150, 151, 153, 158, 165, 167, 168, 177, 182, 187, 192, 201, 205, 207, 212, 214, 218, 222, 226, 228, 246, 248, 251, 257, 264, 265, 271, 273, 274, 277, 282, 291, 296, 298, 299, 307, 308, 326, 330, 338, 342, 343, 345, 347, 355, 358, 359, 360, 361, 377, 378, 382, 383, 384, 385, 387, 388, 389, 394, 400, 404, 406, 410, 425, 444, 445, 446, 455, 456, 458, 459, 461, 471, 472, 473, 478, 488, 492, 494, 497, 505, 507, 508, 513, 514, 519, 526, 529, 530, 532, 545, 550, 551, 554, 559, 561, 570, 578, 579, 588, 590, 592, 594, 595, 598, 599, 604, 607, 615, 618, 625, 628, 636, 640, 644, 645, 649, 652, 653, 658, 660, 672, 676, 686, 691, 697, 699, 703, 706, 716, 721, 723, 725, 727, 730, 732, 738, 745, 764, 767, 768, 769, 784, 785, 788, 791, 794, 809, 811, 812, 821, 829, 830, 831, 832, 834, 840, 843, 846, 856, 863, 867, 873, 879, 888, 890, 894, 899, 911, 913, 918, 925, 930, 931, 943, 953, 957, 961, 963, 964, 965, 966, 969, 974, 979, 982, 985, 989, 990, 991, 993, 1001, 1003, 1005, 1012, 1013]]
allClustLen : [186, 139, 76, 50, 87, 198, 50, 228]
descrNames : [[['HasLoop'], ['HasIf'], ['HasIfInLoop'], ['NbReturns<=1.0'], ['NbTokens<=75.0']], [['NbParams>1.0'], ['HasIf'], ['InstDepth<=3.0'], ['NbReturns<=1.0'], ['NbTokens>75.0']], [['4c3cff428b26be2b1464a3c9ee78c7cf'], ['NbLines<=10.0'], ['NbVars<=2.0'], ['NbParams>1.0'], ['HasIf'], ['InstDepth<=3.0'], ['HasIfElse']], [['4c3cff428b26be2b1464a3c9ee78c7cf'], ['NbVars<=2.0'], ['NbParams>1.0'], ['HasIf'], ['HasIfElse'], ['HasIfElif'], ['HasIfElifElse'], ['NbReturns<=1.0'], ['NbTokens>75.0']], [['709a3600dc12d686d1c8f691a0af1e19'], ['NbLines>10.0'], ['NbVars<=2.0'], ['NbParams<=1.0'], ['HasIf'], ['HasIfElse'], ['HasIfElif'], ['HasIfElifElse'], ['InstDepth<=3.0'], ['NbReturns<=1.0'], ['NbTokens>75.0']], [['NbLines<=10.0'], ['NbVars<=2.0'], ['NbParams<=1.0'], ['HasLoop'], ['HasForLoop'], ['InstDepth<=3.0'], ['NbReturns<=1.0'], ['NbTokens<=75.0'], ['HasIf']], [['709a3600dc12d686d1c8f691a0af1e19'], ['NbLines>10.0'], ['NbVars<=2.0'], ['NbParams<=1.0'], ['HasIf'], ['InstDepth<=3.0'], ['NbReturns<=1.0'], ['NbTokens>75.0']], [['NbVars<=2.0'], ['HasLoop'], ['HasWhileLoop'], ['HasIf'], ['InstDepth<=3.0'], ['HasIfInLoop'], ['NbReturns<=1.0']]]
descrPatIds : [[0, 1, 2, 3, 4], [5, 1, 6, 3, 7], [8, 9, 10, 5, 1, 6, 11], [8, 10, 5, 1, 11, 12, 13, 3, 7], [14, 15, 10, 16, 1, 11, 12, 13, 6, 3, 7], [9, 10, 16, 0, 17, 6, 3, 4, 1], [14, 15, 10, 16, 1, 6, 3, 7], [10, 0, 18, 1, 6, 2, 3]]
descrTagsIds : [['[62]', '[65]', '[73]', '[75]', '[80]'], ['[61]', '[65]', '[69]', '[75]', '[81]'], ['[4]', '[56]', '[58]', '[61]', '[65]', '[69]', '[66]'], ['[4]', '[58]', '[61]', '[65]', '[66]', '[67]', '[68]', '[75]', '[81]'], ['[2]', '[57]', '[58]', '[60]', '[65]', '[66]', '[67]', '[68]', '[69]', '[75]', '[81]'], ['[56]', '[58]', '[60]', '[62]', '[63]', '[69]', '[75]', '[80]', '[65]'], ['[2]', '[57]', '[58]', '[60]', '[65]', '[69]', '[75]', '[81]'], ['[58]', '[62]', '[64]', '[65]', '[69]', '[73]', '[75]']]
nbNotAttrib : 0
nbMultiAttrib : 0
nbOfClusterForEachInstance : [1 1 1 ... 1 1 1]
---- : ----
PCRs : [(0.89, 0.09), (0.84, 0.09), (0.87, 0.1), (0.87, 0.09), (0.94, 0.04), (0.85, 0.09), (0.97, 0.04), (0.91, 0.09)]
DCs : [1.0, 1.0, 1.0, 1.0, 1.0, 1.0, 1.0, 1.0]
IPSs : [(0.35, 0.23), (0.28, 0.23), (0.45, 0.28), (0.5, 0.27), (0.49, 0.28), (0.4, 0.25), (0.39, 0.27), (0.37, 0.27)]
SINGs : [(0.51, 0.37), (0.34, 0.26), (0.53, 0.31), (0.52, 0.29), (0.52, 0.27), (0.54, 0.34), (0.45, 0.29), (0.47, 0.36)]
IPCs : [(0.44, 0.31), (0.24, 0.2), (0.44, 0.27), (0.46, 0.25), (0.44, 0.24), (0.43, 0.29), (0.36, 0.25), (0.41, 0.32)]
patPCRs : [[0.9193548387096774, 0.978494623655914, 0.9139784946236559, 0.9086021505376344, 0.7150537634408602], [0.7841726618705036, 0.935251798561151, 0.9424460431654677, 0.7266187050359713, 0.8057553956834532], [0.7631578947368421, 0.7631578947368421, 0.881578947368421, 0.9868421052631579, 1.0, 0.9605263157894737, 0.75], [0.86, 0.96, 0.86, 1.0, 0.72, 0.88, 0.72, 0.96, 0.9], [0.9425287356321839, 0.9425287356321839, 0.8850574712643678, 0.9425287356321839, 1.0, 0.896551724137931, 0.9655172413793104, 0.896551724137931, 0.9540229885057471, 0.9885057471264368, 0.9425287356321839], [0.9040404040404041, 0.7878787878787878, 0.7272727272727273, 0.9040404040404041, 0.7777777777777778, 0.9848484848484849, 0.9747474747474747, 0.7727272727272727, 0.8383838383838383], [1.0, 0.94, 0.94, 1.0, 1.0, 0.9, 1.0, 0.96], [0.7192982456140351, 0.9956140350877193, 0.9166666666666666, 0.9517543859649122, 0.8947368421052632, 0.9210526315789473, 1.0]]
patDCs : []
patIPSs : [[0.4504830917874396, 0.0628019323671497, 0.6026570048309179, 0.08937198067632846, 0.53743961352657], [0.5657142857142857, 0.053714285714285714, 0.15200000000000002, 0.06057142857142861, 0.5588571428571428], [0.9136460554371002, 0.4733475479744137, 0.32196162046908317, 0.55863539445629, 0.05970149253731338, 0.14712153518123672, 0.6918976545842217], [0.9004149377593361, 0.3205394190871369, 0.5373443983402489, 0.05809128630705396, 0.6784232365145229, 0.6701244813278009, 0.7230290456431535, 0.09232365145228216, 0.5300829875518672], [0.9158576051779935, 0.5900755124056095, 0.3247033441208198, 0.5221143473570657, 0.06040992448759441, 0.7108953613807982, 0.7001078748651564, 0.7572815533980582, 0.1477885652642934, 0.09708737864077666, 0.5512405609492987], [0.5428921568627452, 0.3296568627450981, 0.5330882352941176, 0.4522058823529411, 0.8553921568627451, 0.16911764705882348, 0.10539215686274506, 0.5551470588235294, 0.02941176470588236], [0.8858921161825726, 0.5695020746887967, 0.31950207468879666, 0.5072614107883817, 0.05809128630705396, 0.1410788381742739, 0.09439834024896265, 0.533195020746888], [0.31424936386768443, 0.49236641221374045, 0.8104325699745547, 0.057251908396946605, 0.14885496183206104, 0.6323155216284988, 0.11577608142493634]]
patSINGs : [[0.7142857142857143, 0.0, 0.8571428571428572, 0.1428571428571429, 0.8571428571428572], [0.7142857142857143, 0.0, 0.2857142857142857, 0.1428571428571429, 0.5714285714285714], [0.8571428571428572, 0.8571428571428572, 0.2857142857142857, 0.7142857142857143, 0.0, 0.2857142857142857, 0.7142857142857143], [0.8571428571428572, 0.2857142857142857, 0.7142857142857143, 0.0, 0.7142857142857143, 0.7142857142857143, 0.7142857142857143, 0.1428571428571429, 0.5714285714285714], [0.8571428571428572, 0.7142857142857143, 0.2857142857142857, 0.7142857142857143, 0.0, 0.7142857142857143, 0.7142857142857143, 0.7142857142857143, 0.2857142857142857, 0.1428571428571429, 0.5714285714285714], [0.8571428571428572, 0.2857142857142857, 0.7142857142857143, 0.7142857142857143, 1.0, 0.2857142857142857, 0.1428571428571429, 0.8571428571428572, 0.0], [0.8571428571428572, 0.7142857142857143, 0.2857142857142857, 0.7142857142857143, 0.0, 0.2857142857142857, 0.1428571428571429, 0.5714285714285714], [0.2857142857142857, 0.7142857142857143, 1.0, 0.0, 0.2857142857142857, 0.8571428571428572, 0.1428571428571429]]
patIPCs : [[0.6585009089859657, 0.039229996727156914, 0.7535498327243878, 0.10264987510309946, 0.6588389497231498], [0.5473699721038869, 0.03305245028504792, 0.1514062661963839, 0.07665224003143331, 0.41556235872318065], [0.8449853448465942, 0.5973270694648269, 0.2622007598382543, 0.576322749731409, 0.04230219334774062, 0.1539891622855276, 0.5987918012207613], [0.8588199313127596, 0.27340376735705135, 0.5582024489795293, 0.04230219334774062, 0.5945060869350469, 0.6028121917199097, 0.6450615939328838, 0.10999242502629455, 0.4290258736255445], [0.8173045175087411, 0.5034853063021768, 0.2626976918233896, 0.5564445132536397, 0.04230219334774062, 0.6197277618118943, 0.6150289404883827, 0.6702832688097312, 0.15306011553070947, 0.11406467461578552, 0.43510140728728514], [0.6174531422224787, 0.24881502276830675, 0.5256936549165746, 0.6563131326046407, 0.8884026322478277, 0.15746375786538633, 0.11209920713307665, 0.6670780224783516, 0.01921417025971753], [0.8255146981327149, 0.503124058354722, 0.27054662449990846, 0.5646546938776135, 0.04230219334774062, 0.1453425457441742, 0.11570671074058027, 0.4375973021969731], [0.23901780244477064, 0.6693950798971144, 0.8783190976075156, 0.03540996277129952, 0.14459066604492607, 0.7545604237180008, 0.11570671074058027]]
Optional results : []
