baseAlgorithms : ['Kmeans']
repeatBPgen : 1
maxClustSize : 1014
Coverage : 70
patType : pat
V : 8
clustPatDF.shape : (131, 8)
Kmin : 8
Kmax : 8
minAppar : 0
maxAppar : 2
Discriminativeness : 100
nbMaxMoreThan1 : 0
nbMaxLessThan1 : 0
nbMaxDiffThan1 : 0
idObj : 9

--- RESULTS ---

times : [0.69, 0.0, 0.09, 0.41, 37.85]
allClust : [[0, 1, 12, 13, 16, 17, 18, 19, 40, 43, 45, 55, 79, 87, 88, 96, 106, 108, 112, 122, 134, 136, 139, 144, 160, 173, 174, 180, 186, 188, 189, 191, 193, 197, 199, 200, 204, 208, 211, 215, 216, 219, 221, 225, 233, 238, 242, 252, 254, 258, 261, 262, 269, 279, 281, 283, 284, 285, 290, 295, 304, 310, 311, 318, 319, 320, 322, 323, 331, 333, 335, 350, 357, 363, 364, 368, 370, 371, 375, 392, 403, 414, 424, 426, 428, 431, 434, 435, 438, 449, 476, 480, 483, 487, 489, 496, 499, 500, 520, 524, 525, 536, 539, 542, 549, 553, 557, 564, 568, 571, 573, 584, 586, 587, 591, 597, 616, 647, 648, 656, 674, 681, 684, 693, 707, 720, 728, 731, 734, 737, 739, 742, 752, 755, 758, 759, 770, 780, 781, 789, 790, 793, 800, 803, 806, 818, 822, 824, 826, 838, 844, 848, 859, 861, 866, 875, 876, 877, 878, 891, 895, 897, 898, 901, 903, 906, 912, 915, 916, 920, 926, 929, 934, 938, 939, 940, 945, 947, 958, 967, 973, 980, 994, 1004, 1007, 1008], [6, 9, 11, 39, 46, 49, 50, 66, 75, 77, 78, 81, 94, 98, 104, 114, 117, 119, 120, 121, 123, 155, 156, 161, 162, 166, 178, 184, 185, 209, 217, 224, 234, 235, 239, 266, 297, 302, 305, 309, 316, 317, 329, 332, 349, 374, 376, 393, 397, 398, 401, 415, 416, 417, 419, 421, 439, 451, 462, 468, 470, 477, 482, 490, 495, 502, 509, 531, 547, 555, 567, 574, 575, 581, 608, 619, 620, 621, 642, 654, 678, 683, 687, 694, 719, 735, 740, 741, 748, 751, 753, 756, 761, 771, 775, 778, 782, 786, 804, 807, 810, 816, 833, 835, 836, 839, 841, 847, 855, 870, 871, 872, 881, 892, 896, 900, 905, 908, 909, 910, 917, 922, 924, 932, 948, 952, 956, 959, 962, 970, 972, 981, 983, 986, 987, 995, 1000, 1006, 1011], [10, 36, 38, 71, 91, 92, 103, 110, 118, 129, 133, 152, 181, 194, 210, 223, 232, 236, 237, 249, 275, 286, 315, 328, 337, 348, 352, 373, 379, 380, 386, 399, 407, 409, 411, 420, 430, 442, 463, 475, 486, 521, 534, 548, 556, 585, 589, 603, 606, 612, 655, 657, 659, 661, 665, 685, 696, 709, 726, 749, 763, 765, 773, 799, 808, 815, 828, 853, 882, 887, 893, 919, 923, 942, 951, 992], [35, 53, 84, 95, 102, 125, 127, 163, 176, 196, 230, 231, 247, 289, 321, 324, 391, 405, 412, 464, 469, 491, 498, 515, 528, 593, 596, 609, 622, 633, 641, 650, 688, 692, 702, 704, 705, 714, 717, 750, 774, 813, 814, 851, 858, 868, 880, 949, 971, 977], [8, 15, 25, 27, 33, 37, 44, 48, 52, 62, 64, 65, 67, 74, 89, 138, 149, 183, 206, 213, 220, 227, 250, 253, 255, 256, 276, 288, 292, 313, 327, 334, 366, 390, 395, 396, 408, 413, 423, 448, 450, 467, 474, 484, 493, 510, 511, 516, 522, 566, 569, 572, 580, 600, 611, 624, 631, 635, 638, 675, 680, 695, 708, 711, 713, 715, 722, 743, 744, 746, 754, 760, 796, 802, 805, 819, 823, 837, 842, 865, 869, 883, 914, 937, 954, 960, 968], [2, 3, 7, 14, 22, 28, 32, 41, 42, 54, 56, 58, 60, 68, 69, 73, 76, 85, 93, 100, 109, 111, 115, 126, 128, 135, 140, 141, 142, 147, 154, 157, 159, 164, 169, 171, 172, 175, 179, 190, 195, 198, 202, 229, 240, 243, 245, 259, 260, 267, 268, 270, 272, 278, 280, 287, 293, 300, 301, 303, 306, 312, 314, 325, 336, 339, 340, 341, 346, 351, 354, 356, 362, 365, 372, 381, 402, 418, 422, 427, 433, 437, 441, 443, 447, 452, 453, 454, 457, 460, 465, 481, 485, 501, 503, 504, 506, 512, 517, 518, 523, 527, 533, 535, 537, 540, 541, 543, 546, 552, 558, 560, 563, 565, 576, 577, 582, 583, 602, 610, 613, 614, 617, 623, 626, 629, 630, 632, 637, 639, 646, 662, 663, 664, 666, 670, 671, 673, 677, 679, 682, 689, 690, 698, 700, 712, 729, 733, 736, 747, 757, 766, 772, 776, 787, 795, 797, 798, 801, 817, 820, 825, 827, 845, 849, 850, 852, 857, 860, 862, 864, 874, 884, 885, 886, 889, 902, 904, 907, 921, 927, 933, 935, 941, 944, 950, 955, 975, 976, 978, 984, 988, 996, 997, 998, 1002, 1009, 1010], [4, 5, 30, 31, 97, 143, 145, 148, 170, 203, 241, 244, 263, 294, 344, 353, 367, 369, 429, 432, 436, 440, 466, 479, 538, 544, 562, 601, 605, 627, 634, 643, 651, 667, 668, 669, 701, 710, 718, 724, 762, 777, 779, 783, 792, 854, 928, 936, 946, 999], [20, 21, 23, 24, 26, 29, 34, 47, 51, 57, 59, 61, 63, 70, 72, 80, 82, 83, 86, 90, 99, 101, 105, 107, 113, 116, 124, 130, 131, 132, 137, 146, 150, 151, 153, 158, 165, 167, 168, 177, 182, 187, 192, 201, 205, 207, 212, 214, 218, 222, 226, 228, 246, 248, 251, 257, 264, 265, 271, 273, 274, 277, 282, 291, 296, 298, 299, 307, 308, 326, 330, 338, 342, 343, 345, 347, 355, 358, 359, 360, 361, 377, 378, 382, 383, 384, 385, 387, 388, 389, 394, 400, 404, 406, 410, 425, 444, 445, 446, 455, 456, 458, 459, 461, 471, 472, 473, 478, 488, 492, 494, 497, 505, 507, 508, 513, 514, 519, 526, 529, 530, 532, 545, 550, 551, 554, 559, 561, 570, 578, 579, 588, 590, 592, 594, 595, 598, 599, 604, 607, 615, 618, 625, 628, 636, 640, 644, 645, 649, 652, 653, 658, 660, 672, 676, 686, 691, 697, 699, 703, 706, 716, 721, 723, 725, 727, 730, 732, 738, 745, 764, 767, 768, 769, 784, 785, 788, 791, 794, 809, 811, 812, 821, 829, 830, 831, 832, 834, 840, 843, 846, 856, 863, 867, 873, 879, 888, 890, 894, 899, 911, 913, 918, 925, 930, 931, 943, 953, 957, 961, 963, 964, 965, 966, 969, 974, 979, 982, 985, 989, 990, 991, 993, 1001, 1003, 1005, 1012, 1013]]
allClustLen : [186, 139, 76, 50, 87, 198, 50, 228]
descrNames : [[['HasIf'], ['HasLoop'], ['HasIfInLoop'], ['NbReturns<=1.0'], ['HasIf', 'NbReturns<=1.0'], ['HasLoop', 'NbReturns<=1.0'], ['HasIfInLoop', 'NbReturns<=1.0'], ['NbTokens<=75.0']], [['InstDepth<=3.0'], ['HasIf'], ['HasIf', 'InstDepth<=3.0'], ['HasIf', 'NbTokens>75.0'], ['HasIf', 'InstDepth<=3.0', 'NbTokens>75.0'], ['NbParams>1.0', 'HasIf'], ['NbParams>1.0', 'HasIf', 'InstDepth<=3.0'], ['NbReturns<=1.0']], [['HasIf'], ['NbParams>1.0', 'HasIf'], ['HasIf', 'InstDepth<=3.0'], ['NbParams>1.0', 'HasIf', 'InstDepth<=3.0'], ['NbVars<=2.0', 'NbParams>1.0', 'HasIf'], ['NbVars<=2.0', 'NbParams>1.0', 'HasIf', 'InstDepth<=3.0'], ['4c3cff428b26be2b1464a3c9ee78c7cf', 'NbParams>1.0', 'HasIf'], ['4c3cff428b26be2b1464a3c9ee78c7cf', 'NbParams>1.0', 'HasIf', 'InstDepth<=3.0'], ['4c3cff428b26be2b1464a3c9ee78c7cf', 'NbVars<=2.0', 'NbParams>1.0', 'HasIf'], ['NbLines<=10.0', 'NbParams>1.0', 'HasIf'], ['NbLines<=10.0', 'NbParams>1.0', 'HasIf', 'InstDepth<=3.0'], ['HasIfElse'], ['NbParams>1.0', 'HasIfElse'], ['HasIfElse', 'InstDepth<=3.0'], ['NbParams>1.0', 'HasIfElse', 'InstDepth<=3.0']], [['HasIf'], ['NbVars<=2.0', 'HasIf'], ['HasIf', 'NbReturns<=1.0'], ['NbVars<=2.0', 'HasIf', 'NbReturns<=1.0'], ['NbVars<=2.0', 'HasIf', 'NbTokens>75.0'], ['NbVars<=2.0', 'HasIf', 'NbReturns<=1.0', 'NbTokens>75.0'], ['HasIfElif'], ['NbVars<=2.0', 'HasIfElif'], ['HasIfElif', 'NbReturns<=1.0'], ['NbVars<=2.0', 'HasIfElif', 'NbReturns<=1.0'], ['NbVars<=2.0', 'HasIfElif', 'NbTokens>75.0'], ['NbVars<=2.0', 'HasIfElif', 'NbReturns<=1.0', 'NbTokens>75.0'], ['4c3cff428b26be2b1464a3c9ee78c7cf', 'NbParams>1.0', 'HasIf', 'NbReturns<=1.0'], ['4c3cff428b26be2b1464a3c9ee78c7cf', 'NbVars<=2.0', 'NbParams>1.0', 'HasIf', 'NbReturns<=1.0'], ['4c3cff428b26be2b1464a3c9ee78c7cf', 'NbVars<=2.0', 'NbParams>1.0', 'HasIf', 'NbReturns<=1.0', 'NbTokens>75.0'], ['4c3cff428b26be2b1464a3c9ee78c7cf', 'NbParams>1.0', 'HasIfElif', 'NbReturns<=1.0'], ['4c3cff428b26be2b1464a3c9ee78c7cf', 'NbVars<=2.0', 'NbParams>1.0', 'HasIfElif', 'NbReturns<=1.0'], ['HasIfElifElse']], [['HasIf'], ['HasIf', 'NbReturns<=1.0'], ['HasIfElif'], ['HasIfElif', 'NbReturns<=1.0'], ['HasIf', 'InstDepth<=3.0'], ['HasIf', 'InstDepth<=3.0', 'NbReturns<=1.0'], ['HasIfElif', 'InstDepth<=3.0'], ['HasIfElif', 'InstDepth<=3.0', 'NbReturns<=1.0'], ['709a3600dc12d686d1c8f691a0af1e19', 'NbLines>10.0', 'NbParams<=1.0', 'HasIf', 'NbTokens>75.0'], ['709a3600dc12d686d1c8f691a0af1e19', 'NbLines>10.0', 'NbParams<=1.0', 'HasIf', 'NbReturns<=1.0', 'NbTokens>75.0'], ['709a3600dc12d686d1c8f691a0af1e19', 'NbLines>10.0', 'NbParams<=1.0', 'HasIfElif', 'NbTokens>75.0'], ['709a3600dc12d686d1c8f691a0af1e19', 'NbLines>10.0', 'NbParams<=1.0', 'HasIfElif', 'NbReturns<=1.0', 'NbTokens>75.0'], ['709a3600dc12d686d1c8f691a0af1e19', 'NbLines>10.0', 'NbParams<=1.0', 'HasIf', 'InstDepth<=3.0', 'NbTokens>75.0'], ['709a3600dc12d686d1c8f691a0af1e19', 'NbLines>10.0', 'NbParams<=1.0', 'HasIf', 'InstDepth<=3.0', 'NbReturns<=1.0', 'NbTokens>75.0'], ['709a3600dc12d686d1c8f691a0af1e19', 'NbLines>10.0', 'NbParams<=1.0', 'HasIfElif', 'InstDepth<=3.0', 'NbTokens>75.0'], ['709a3600dc12d686d1c8f691a0af1e19', 'NbLines>10.0', 'NbParams<=1.0', 'HasIfElif', 'InstDepth<=3.0', 'NbReturns<=1.0', 'NbTokens>75.0'], ['HasIfElifElse'], ['HasIfElifElse', 'NbReturns<=1.0'], ['HasIfElifElse', 'InstDepth<=3.0'], ['HasIfElifElse', 'InstDepth<=3.0', 'NbReturns<=1.0'], ['709a3600dc12d686d1c8f691a0af1e19', 'NbLines>10.0', 'NbParams<=1.0', 'HasIfElifElse', 'NbTokens>75.0'], ['709a3600dc12d686d1c8f691a0af1e19', 'NbLines>10.0', 'NbParams<=1.0', 'HasIfElifElse', 'NbReturns<=1.0', 'NbTokens>75.0'], ['709a3600dc12d686d1c8f691a0af1e19', 'NbLines>10.0', 'NbParams<=1.0', 'HasIfElifElse', 'InstDepth<=3.0', 'NbTokens>75.0'], ['709a3600dc12d686d1c8f691a0af1e19', 'NbLines>10.0', 'NbParams<=1.0', 'HasIfElifElse', 'InstDepth<=3.0', 'NbReturns<=1.0', 'NbTokens>75.0'], ['NbVars<=2.0', 'HasIf'], ['NbVars<=2.0', 'HasIf', 'NbReturns<=1.0'], ['NbVars<=2.0', 'HasIfElif'], ['NbVars<=2.0', 'HasIfElif', 'NbReturns<=1.0'], ['NbVars<=2.0', 'HasIf', 'InstDepth<=3.0'], ['NbVars<=2.0', 'HasIf', 'InstDepth<=3.0', 'NbReturns<=1.0'], ['NbVars<=2.0', 'HasIfElif', 'InstDepth<=3.0'], ['NbVars<=2.0', 'HasIfElif', 'InstDepth<=3.0', 'NbReturns<=1.0'], ['709a3600dc12d686d1c8f691a0af1e19', 'NbLines>10.0', 'NbVars<=2.0', 'NbParams<=1.0', 'HasIf', 'NbTokens>75.0'], ['709a3600dc12d686d1c8f691a0af1e19', 'NbLines>10.0', 'NbVars<=2.0', 'NbParams<=1.0', 'HasIf', 'NbReturns<=1.0', 'NbTokens>75.0'], ['709a3600dc12d686d1c8f691a0af1e19', 'NbLines>10.0', 'NbVars<=2.0', 'NbParams<=1.0', 'HasIfElif', 'NbTokens>75.0'], ['709a3600dc12d686d1c8f691a0af1e19', 'NbLines>10.0', 'NbVars<=2.0', 'NbParams<=1.0', 'HasIfElif', 'NbReturns<=1.0', 'NbTokens>75.0'], ['709a3600dc12d686d1c8f691a0af1e19', 'NbLines>10.0', 'NbVars<=2.0', 'NbParams<=1.0', 'HasIf', 'InstDepth<=3.0', 'NbTokens>75.0'], ['709a3600dc12d686d1c8f691a0af1e19', 'NbLines>10.0', 'NbVars<=2.0', 'NbParams<=1.0', 'HasIf', 'InstDepth<=3.0', 'NbReturns<=1.0', 'NbTokens>75.0'], ['709a3600dc12d686d1c8f691a0af1e19', 'NbLines>10.0', 'NbVars<=2.0', 'NbParams<=1.0', 'HasIfElif', 'InstDepth<=3.0', 'NbTokens>75.0'], ['709a3600dc12d686d1c8f691a0af1e19', 'NbLines>10.0', 'NbVars<=2.0', 'NbParams<=1.0', 'HasIfElif', 'InstDepth<=3.0', 'NbReturns<=1.0', 'NbTokens>75.0'], ['NbVars<=2.0', 'HasIfElifElse'], ['NbVars<=2.0', 'HasIfElifElse', 'NbReturns<=1.0'], ['NbVars<=2.0', 'HasIfElifElse', 'InstDepth<=3.0'], ['NbVars<=2.0', 'HasIfElifElse', 'InstDepth<=3.0', 'NbReturns<=1.0'], ['709a3600dc12d686d1c8f691a0af1e19', 'NbLines>10.0', 'NbVars<=2.0', 'NbParams<=1.0', 'HasIfElifElse', 'NbTokens>75.0'], ['709a3600dc12d686d1c8f691a0af1e19', 'NbLines>10.0', 'NbVars<=2.0', 'NbParams<=1.0', 'HasIfElifElse', 'NbReturns<=1.0', 'NbTokens>75.0'], ['709a3600dc12d686d1c8f691a0af1e19', 'NbLines>10.0', 'NbVars<=2.0', 'NbParams<=1.0', 'HasIfElifElse', 'InstDepth<=3.0', 'NbTokens>75.0'], ['709a3600dc12d686d1c8f691a0af1e19', 'NbLines>10.0', 'NbVars<=2.0', 'NbParams<=1.0', 'HasIfElifElse', 'InstDepth<=3.0', 'NbReturns<=1.0', 'NbTokens>75.0']], [['InstDepth<=3.0'], ['NbReturns<=1.0'], ['InstDepth<=3.0', 'NbReturns<=1.0'], ['NbLines<=10.0'], ['NbLines<=10.0', 'InstDepth<=3.0'], ['NbLines<=10.0', 'NbReturns<=1.0'], ['NbLines<=10.0', 'InstDepth<=3.0', 'NbReturns<=1.0'], ['HasLoop', 'NbReturns<=1.0'], ['HasLoop', 'InstDepth<=3.0', 'NbReturns<=1.0'], ['NbLines<=10.0', 'HasLoop', 'NbReturns<=1.0'], ['NbLines<=10.0', 'HasLoop', 'InstDepth<=3.0', 'NbReturns<=1.0'], ['HasIf'], ['HasIf', 'InstDepth<=3.0'], ['HasIf', 'NbReturns<=1.0'], ['HasIf', 'InstDepth<=3.0', 'NbReturns<=1.0'], ['NbLines<=10.0', 'HasIf'], ['NbLines<=10.0', 'HasIf', 'InstDepth<=3.0'], ['NbLines<=10.0', 'HasIf', 'NbReturns<=1.0'], ['NbLines<=10.0', 'HasIf', 'InstDepth<=3.0', 'NbReturns<=1.0'], ['HasLoop', 'HasIf', 'NbReturns<=1.0'], ['HasLoop', 'HasIf', 'InstDepth<=3.0', 'NbReturns<=1.0'], ['NbVars<=2.0', 'NbReturns<=1.0'], ['NbVars<=2.0', 'InstDepth<=3.0', 'NbReturns<=1.0'], ['NbLines<=10.0', 'NbVars<=2.0', 'NbReturns<=1.0'], ['NbLines<=10.0', 'NbVars<=2.0', 'InstDepth<=3.0', 'NbReturns<=1.0'], ['NbVars<=2.0', 'HasLoop', 'NbReturns<=1.0'], ['NbVars<=2.0', 'HasLoop', 'InstDepth<=3.0', 'NbReturns<=1.0'], ['NbLines<=10.0', 'NbVars<=2.0', 'HasLoop', 'NbReturns<=1.0'], ['NbLines<=10.0', 'NbVars<=2.0', 'HasLoop', 'InstDepth<=3.0', 'NbReturns<=1.0'], ['HasLoop', 'HasForLoop', 'NbReturns<=1.0'], ['HasLoop', 'HasForLoop', 'InstDepth<=3.0', 'NbReturns<=1.0'], ['NbLines<=10.0', 'HasLoop', 'HasForLoop', 'NbReturns<=1.0'], ['NbLines<=10.0', 'HasLoop', 'HasForLoop', 'InstDepth<=3.0', 'NbReturns<=1.0'], ['NbReturns<=1.0', 'NbTokens<=75.0'], ['InstDepth<=3.0', 'NbReturns<=1.0', 'NbTokens<=75.0'], ['NbLines<=10.0', 'NbReturns<=1.0', 'NbTokens<=75.0'], ['NbLines<=10.0', 'InstDepth<=3.0', 'NbReturns<=1.0', 'NbTokens<=75.0'], ['HasLoop', 'NbReturns<=1.0', 'NbTokens<=75.0'], ['HasLoop', 'InstDepth<=3.0', 'NbReturns<=1.0', 'NbTokens<=75.0'], ['NbParams<=1.0', 'NbReturns<=1.0'], ['NbParams<=1.0', 'InstDepth<=3.0', 'NbReturns<=1.0'], ['NbLines<=10.0', 'NbParams<=1.0', 'NbReturns<=1.0'], ['NbLines<=10.0', 'NbParams<=1.0', 'InstDepth<=3.0', 'NbReturns<=1.0']], [['709a3600dc12d686d1c8f691a0af1e19', 'NbParams<=1.0', 'HasIf', 'NbReturns<=1.0'], ['709a3600dc12d686d1c8f691a0af1e19', 'NbParams<=1.0', 'HasIf', 'NbReturns<=1.0', 'NbTokens>75.0'], ['709a3600dc12d686d1c8f691a0af1e19', 'NbLines>10.0', 'NbParams<=1.0', 'HasIf', 'NbReturns<=1.0', 'NbTokens>75.0'], ['709a3600dc12d686d1c8f691a0af1e19', 'NbVars<=2.0', 'NbParams<=1.0', 'HasIf', 'NbReturns<=1.0'], ['709a3600dc12d686d1c8f691a0af1e19', 'NbVars<=2.0', 'NbParams<=1.0', 'HasIf', 'NbReturns<=1.0', 'NbTokens>75.0'], ['709a3600dc12d686d1c8f691a0af1e19', 'NbLines>10.0', 'NbVars<=2.0', 'NbParams<=1.0', 'HasIf', 'NbReturns<=1.0', 'NbTokens>75.0'], ['709a3600dc12d686d1c8f691a0af1e19', 'NbParams<=1.0', 'HasIf', 'InstDepth<=3.0', 'NbReturns<=1.0'], ['709a3600dc12d686d1c8f691a0af1e19', 'NbParams<=1.0', 'HasIf', 'InstDepth<=3.0', 'NbReturns<=1.0', 'NbTokens>75.0'], ['709a3600dc12d686d1c8f691a0af1e19', 'NbLines>10.0', 'NbParams<=1.0', 'HasIf', 'InstDepth<=3.0', 'NbReturns<=1.0', 'NbTokens>75.0'], ['709a3600dc12d686d1c8f691a0af1e19', 'NbVars<=2.0', 'NbParams<=1.0', 'HasIf', 'InstDepth<=3.0', 'NbReturns<=1.0'], ['709a3600dc12d686d1c8f691a0af1e19', 'NbVars<=2.0', 'NbParams<=1.0', 'HasIf', 'InstDepth<=3.0', 'NbReturns<=1.0', 'NbTokens>75.0'], ['709a3600dc12d686d1c8f691a0af1e19', 'NbLines>10.0', 'NbVars<=2.0', 'NbParams<=1.0', 'HasIf', 'InstDepth<=3.0', 'NbReturns<=1.0', 'NbTokens>75.0']], [['NbReturns<=1.0'], ['HasLoop', 'NbReturns<=1.0'], ['HasIf', 'NbReturns<=1.0'], ['HasLoop', 'HasIf', 'NbReturns<=1.0'], ['HasIfInLoop', 'NbReturns<=1.0'], ['HasLoop', 'HasWhileLoop', 'NbReturns<=1.0'], ['HasLoop', 'HasWhileLoop', 'HasIf', 'NbReturns<=1.0'], ['HasWhileLoop', 'HasIfInLoop', 'NbReturns<=1.0'], ['InstDepth<=3.0', 'NbReturns<=1.0'], ['HasLoop', 'InstDepth<=3.0', 'NbReturns<=1.0'], ['HasIf', 'InstDepth<=3.0', 'NbReturns<=1.0'], ['HasLoop', 'HasIf', 'InstDepth<=3.0', 'NbReturns<=1.0'], ['InstDepth<=3.0', 'HasIfInLoop', 'NbReturns<=1.0'], ['HasLoop', 'HasWhileLoop', 'InstDepth<=3.0', 'NbReturns<=1.0'], ['HasLoop', 'HasWhileLoop', 'HasIf', 'InstDepth<=3.0', 'NbReturns<=1.0'], ['HasWhileLoop', 'InstDepth<=3.0', 'HasIfInLoop', 'NbReturns<=1.0'], ['NbVars<=2.0', 'NbReturns<=1.0'], ['NbVars<=2.0', 'HasLoop', 'NbReturns<=1.0'], ['NbVars<=2.0', 'HasIf', 'NbReturns<=1.0'], ['NbVars<=2.0', 'HasLoop', 'HasIf', 'NbReturns<=1.0']]]
descrPatIds : [[0, 1, 2, 3, 4, 5, 6, 7], [8, 0, 9, 10, 11, 12, 13, 3], [0, 12, 9, 13, 14, 15, 16, 17, 18, 19, 20, 21, 22, 23, 24], [0, 25, 4, 26, 27, 28, 29, 30, 31, 32, 33, 34, 35, 36, 37, 38, 39, 40], [0, 4, 29, 31, 9, 41, 42, 43, 44, 45, 46, 47, 48, 49, 50, 51, 40, 52, 53, 54, 55, 56, 57, 58, 25, 26, 30, 32, 59, 60, 61, 62, 63, 64, 65, 66, 67, 68, 69, 70, 71, 72, 73, 74, 75, 76, 77, 78], [8, 3, 79, 80, 81, 82, 83, 5, 84, 85, 86, 0, 9, 4, 41, 87, 88, 89, 90, 91, 92, 93, 94, 95, 96, 97, 98, 99, 100, 101, 102, 103, 104, 105, 106, 107, 108, 109, 110, 111, 112, 113, 114], [115, 116, 45, 117, 118, 64, 119, 120, 49, 121, 122, 68], [3, 5, 4, 91, 6, 123, 124, 125, 79, 84, 41, 92, 126, 127, 128, 129, 93, 97, 26, 130]]
descrTagsIds : [['[65]', '[62]', '[62, 65, 73]', '[75]', '[65, 75]', '[62, 75]', '[62, 65, 73, 75]', '[80]'], ['[69]', '[65]', '[65, 69]', '[65, 81]', '[65, 69, 81]', '[61, 65]', '[61, 65, 69]', '[75]'], ['[65]', '[61, 65]', '[65, 69]', '[61, 65, 69]', '[58, 61, 65]', '[58, 61, 65, 69]', '[4, 61, 65]', '[4, 61, 65, 69]', '[4, 58, 61, 65]', '[56, 61, 65]', '[56, 61, 65, 69]', '[65, 66]', '[61, 65, 66]', '[65, 66, 69]', '[61, 65, 66, 69]'], ['[65]', '[58, 65]', '[65, 75]', '[58, 65, 75]', '[58, 65, 81]', '[58, 65, 75, 81]', '[65, 67]', '[58, 65, 67]', '[65, 67, 75]', '[58, 65, 67, 75]', '[58, 65, 67, 81]', '[58, 65, 67, 75, 81]', '[4, 61, 65, 75]', '[4, 58, 61, 65, 75]', '[4, 58, 61, 65, 75, 81]', '[4, 61, 65, 67, 75]', '[4, 58, 61, 65, 67, 75]', '[65, 66, 67, 68]'], ['[65]', '[65, 75]', '[65, 67]', '[65, 67, 75]', '[65, 69]', '[65, 69, 75]', '[65, 67, 69]', '[65, 67, 69, 75]', '[2, 57, 60, 65, 81]', '[2, 57, 60, 65, 75, 81]', '[2, 57, 60, 65, 67, 81]', '[2, 57, 60, 65, 67, 75, 81]', '[2, 57, 60, 65, 69, 81]', '[2, 57, 60, 65, 69, 75, 81]', '[2, 57, 60, 65, 67, 69, 81]', '[2, 57, 60, 65, 67, 69, 75, 81]', '[65, 66, 67, 68]', '[65, 66, 67, 68, 75]', '[65, 66, 67, 68, 69]', '[65, 66, 67, 68, 69, 75]', '[2, 57, 60, 65, 66, 67, 68, 81]', '[2, 57, 60, 65, 66, 67, 68, 75, 81]', '[2, 57, 60, 65, 66, 67, 68, 69, 81]', '[2, 57, 60, 65, 66, 67, 68, 69, 75, 81]', '[58, 65]', '[58, 65, 75]', '[58, 65, 67]', '[58, 65, 67, 75]', '[58, 65, 69]', '[58, 65, 69, 75]', '[58, 65, 67, 69]', '[58, 65, 67, 69, 75]', '[2, 57, 58, 60, 65, 81]', '[2, 57, 58, 60, 65, 75, 81]', '[2, 57, 58, 60, 65, 67, 81]', '[2, 57, 58, 60, 65, 67, 75, 81]', '[2, 57, 58, 60, 65, 69, 81]', '[2, 57, 58, 60, 65, 69, 75, 81]', '[2, 57, 58, 60, 65, 67, 69, 81]', '[2, 57, 58, 60, 65, 67, 69, 75, 81]', '[58, 65, 66, 67, 68]', '[58, 65, 66, 67, 68, 75]', '[58, 65, 66, 67, 68, 69]', '[58, 65, 66, 67, 68, 69, 75]', '[2, 57, 58, 60, 65, 66, 67, 68, 81]', '[2, 57, 58, 60, 65, 66, 67, 68, 75, 81]', '[2, 57, 58, 60, 65, 66, 67, 68, 69, 81]', '[2, 57, 58, 60, 65, 66, 67, 68, 69, 75, 81]'], ['[69]', '[75]', '[69, 75]', '[56]', '[56, 69]', '[56, 75]', '[56, 69, 75]', '[62, 75]', '[62, 69, 75]', '[56, 62, 75]', '[56, 62, 69, 75]', '[65]', '[65, 69]', '[65, 75]', '[65, 69, 75]', '[56, 65]', '[56, 65, 69]', '[56, 65, 75]', '[56, 65, 69, 75]', '[62, 65, 75]', '[62, 65, 69, 75]', '[58, 75]', '[58, 69, 75]', '[56, 58, 75]', '[56, 58, 69, 75]', '[58, 62, 75]', '[58, 62, 69, 75]', '[56, 58, 62, 75]', '[56, 58, 62, 69, 75]', '[62, 63, 75]', '[62, 63, 69, 75]', '[56, 62, 63, 75]', '[56, 62, 63, 69, 75]', '[75, 80]', '[69, 75, 80]', '[56, 75, 80]', '[56, 69, 75, 80]', '[62, 75, 80]', '[62, 69, 75, 80]', '[60, 75]', '[60, 69, 75]', '[56, 60, 75]', '[56, 60, 69, 75]'], ['[2, 60, 65, 75]', '[2, 60, 65, 75, 81]', '[2, 57, 60, 65, 75, 81]', '[2, 58, 60, 65, 75]', '[2, 58, 60, 65, 75, 81]', '[2, 57, 58, 60, 65, 75, 81]', '[2, 60, 65, 69, 75]', '[2, 60, 65, 69, 75, 81]', '[2, 57, 60, 65, 69, 75, 81]', '[2, 58, 60, 65, 69, 75]', '[2, 58, 60, 65, 69, 75, 81]', '[2, 57, 58, 60, 65, 69, 75, 81]'], ['[75]', '[62, 75]', '[65, 75]', '[62, 65, 75]', '[62, 65, 73, 75]', '[62, 64, 75]', '[62, 64, 65, 75]', '[62, 64, 65, 73, 75]', '[69, 75]', '[62, 69, 75]', '[65, 69, 75]', '[62, 65, 69, 75]', '[62, 65, 69, 73, 75]', '[62, 64, 69, 75]', '[62, 64, 65, 69, 75]', '[62, 64, 65, 69, 73, 75]', '[58, 75]', '[58, 62, 75]', '[58, 65, 75]', '[58, 62, 65, 75]']]
nbNotAttrib : 0
nbMultiAttrib : 0
nbOfClusterForEachInstance : [1 1 1 ... 1 1 1]
---- : ----
PCRs : [(0.87, 0.08), (0.82, 0.08), (0.82, 0.1), (0.84, 0.08), (0.85, 0.07), (0.79, 0.08), (0.89, 0.06), (0.85, 0.09)]
DCs : [1.0, 1.0, 1.0, 1.0, 1.0, 1.0, 1.0, 1.0]
IPSs : [(0.37, 0.22), (0.36, 0.24), (0.71, 0.25), (0.7, 0.27), (0.8, 0.24), (0.59, 0.22), (0.91, 0.01), (0.6, 0.24)]
SINGs : [(0.55, 0.33), (0.45, 0.29), (0.8, 0.28), (0.75, 0.27), (0.87, 0.22), (0.82, 0.27), (0.86, 0.0), (0.77, 0.26)]
IPCs : [(0.47, 0.3), (0.32, 0.22), (0.68, 0.24), (0.66, 0.27), (0.76, 0.24), (0.65, 0.25), (0.85, 0.01), (0.65, 0.28)]
patPCRs : [[0.978494623655914, 0.9193548387096774, 0.9139784946236559, 0.9086021505376344, 0.8870967741935484, 0.8279569892473119, 0.8225806451612904, 0.7150537634408602], [0.9424460431654677, 0.935251798561151, 0.8776978417266187, 0.8057553956834532, 0.7553956834532374, 0.7841726618705036, 0.7482014388489209, 0.7266187050359713], [1.0, 0.9868421052631579, 0.9605263157894737, 0.9473684210526315, 0.881578947368421, 0.8421052631578947, 0.7631578947368421, 0.7236842105263158, 0.7368421052631579, 0.7631578947368421, 0.75, 0.75, 0.7368421052631579, 0.7236842105263158, 0.7105263157894737], [1.0, 0.96, 0.96, 0.92, 0.9, 0.86, 0.88, 0.84, 0.84, 0.8, 0.8, 0.76, 0.86, 0.82, 0.76, 0.78, 0.74, 0.72], [1.0, 0.9885057471264368, 0.9655172413793104, 0.9540229885057471, 0.9540229885057471, 0.9425287356321839, 0.9195402298850575, 0.9080459770114943, 0.9425287356321839, 0.9310344827586207, 0.9310344827586207, 0.9195402298850575, 0.896551724137931, 0.8850574712643678, 0.8850574712643678, 0.8735632183908046, 0.896551724137931, 0.8850574712643678, 0.8505747126436781, 0.8390804597701149, 0.8620689655172413, 0.8505747126436781, 0.8160919540229885, 0.8045977011494253, 0.8850574712643678, 0.8735632183908046, 0.8505747126436781, 0.8390804597701149, 0.8620689655172413, 0.8505747126436781, 0.8275862068965517, 0.8160919540229885, 0.8275862068965517, 0.8160919540229885, 0.8160919540229885, 0.8045977011494253, 0.8045977011494253, 0.7931034482758621, 0.7931034482758621, 0.7816091954022989, 0.7816091954022989, 0.7701149425287356, 0.7586206896551724, 0.7471264367816092, 0.7471264367816092, 0.735632183908046, 0.7241379310344828, 0.7126436781609196], [0.9848484848484849, 0.9747474747474747, 0.9595959595959596, 0.9040404040404041, 0.898989898989899, 0.8787878787878788, 0.8737373737373737, 0.9040404040404041, 0.8888888888888888, 0.8181818181818182, 0.8131313131313131, 0.8383838383838383, 0.8232323232323232, 0.8131313131313131, 0.797979797979798, 0.7424242424242424, 0.7373737373737373, 0.7171717171717171, 0.7121212121212122, 0.7525252525252525, 0.7373737373737373, 0.7878787878787878, 0.7777777777777778, 0.7626262626262627, 0.7575757575757576, 0.7272727272727273, 0.7171717171717171, 0.7121212121212122, 0.7070707070707071, 0.7777777777777778, 0.7727272727272727, 0.7575757575757576, 0.7525252525252525, 0.7727272727272727, 0.7676767676767676, 0.7474747474747475, 0.7424242424242424, 0.7171717171717171, 0.7121212121212122, 0.7272727272727273, 0.7222222222222222, 0.7070707070707071, 0.702020202020202], [1.0, 0.96, 0.94, 0.94, 0.9, 0.88, 0.9, 0.86, 0.84, 0.84, 0.8, 0.78], [1.0, 0.9956140350877193, 0.9517543859649122, 0.9473684210526315, 0.9210526315789473, 0.9166666666666666, 0.868421052631579, 0.8464912280701754, 0.8947368421052632, 0.8903508771929824, 0.8464912280701754, 0.8421052631578947, 0.8157894736842105, 0.8377192982456141, 0.7894736842105263, 0.7675438596491229, 0.7192982456140351, 0.7149122807017544, 0.706140350877193, 0.7017543859649122]]
patDCs : []
patIPSs : [[0.0628019323671497, 0.4504830917874396, 0.6026570048309179, 0.08937198067632846, 0.15217391304347827, 0.45772946859903385, 0.605072463768116, 0.53743961352657], [0.15200000000000002, 0.053714285714285714, 0.20571428571428574, 0.5588571428571428, 0.6251428571428572, 0.5668571428571428, 0.6274285714285714, 0.06057142857142861], [0.05970149253731338, 0.5597014925373134, 0.2068230277185501, 0.6183368869936035, 0.7857142857142857, 0.8102345415778252, 0.9136460554371002, 0.9328358208955224, 0.9189765458422174, 0.8667377398720683, 0.8667377398720683, 0.6918976545842217, 0.8219616204690832, 0.7281449893390192, 0.8539445628997868], [0.05809128630705396, 0.36721991701244816, 0.15041493775933612, 0.40767634854771784, 0.7178423236514523, 0.7344398340248963, 0.6701244813278009, 0.7645228215767634, 0.7282157676348548, 0.7925311203319502, 0.8112033195020747, 0.8278008298755186, 0.9263485477178424, 0.9315352697095436, 0.9730290456431535, 0.9730290456431535, 0.9782157676348547, 0.7230290456431535], [0.06040992448759441, 0.15749730312837107, 0.7001078748651564, 0.761596548004315, 0.20819848975188782, 0.29881337648327944, 0.7335490830636462, 0.7939590075512406, 0.9277238403451996, 0.9309600862998921, 0.9773462783171522, 0.9805825242718447, 0.9352750809061489, 0.9385113268608414, 0.9773462783171522, 0.9805825242718447, 0.7572815533980582, 0.8122977346278317, 0.7874865156418555, 0.8414239482200647, 0.9773462783171522, 0.9805825242718447, 0.9773462783171522, 0.9805825242718447, 0.37324703344120824, 0.41639697950377563, 0.7896440129449838, 0.819848975188781, 0.482200647249191, 0.5188781014023732, 0.8101402373247033, 0.8392664509169363, 0.9320388349514563, 0.9352750809061489, 0.9816612729234089, 0.9848975188781014, 0.9395900755124056, 0.9428263214670982, 0.9816612729234089, 0.9848975188781014, 0.8306364617044228, 0.86084142394822, 0.8500539374325782, 0.8791801510248112, 0.9816612729234089, 0.9848975188781014, 0.9816612729234089, 0.9848975188781014], [0.16911764705882348, 0.10539215686274506, 0.2671568627450981, 0.5428921568627452, 0.6299019607843137, 0.5735294117647058, 0.6544117647058824, 0.48039215686274506, 0.6041666666666667, 0.6924019607843137, 0.7720588235294118, 0.02941176470588236, 0.19852941176470584, 0.13480392156862742, 0.29656862745098034, 0.5723039215686274, 0.6593137254901961, 0.6029411764705883, 0.6838235294117647, 0.5036764705882353, 0.6274509803921569, 0.3799019607843137, 0.4963235294117647, 0.6642156862745099, 0.7401960784313726, 0.6862745098039216, 0.7683823529411764, 0.7598039215686274, 0.8345588235294118, 0.8700980392156863, 0.9546568627450981, 0.8762254901960784, 0.9558823529411765, 0.5894607843137255, 0.6752450980392157, 0.6470588235294117, 0.7279411764705883, 0.6617647058823529, 0.7463235294117647, 0.5526960784313726, 0.6470588235294117, 0.732843137254902, 0.8125], [0.8952282157676349, 0.8983402489626556, 0.8983402489626556, 0.9066390041493776, 0.9097510373443983, 0.9097510373443983, 0.9014522821576764, 0.9045643153526971, 0.9045643153526971, 0.9107883817427386, 0.9139004149377593, 0.9139004149377593], [0.11577608142493634, 0.5216284987277353, 0.17302798982188294, 0.5699745547073791, 0.6564885496183206, 0.8244274809160306, 0.83206106870229, 0.8346055979643766, 0.25699745547073793, 0.6234096692111959, 0.31424936386768443, 0.6717557251908397, 0.7582697201017812, 0.8498727735368956, 0.8575063613231553, 0.8600508905852418, 0.36641221374045807, 0.6984732824427481, 0.41984732824427484, 0.7430025445292621]]
patSINGs : [[0.0, 0.7142857142857143, 0.8571428571428572, 0.1428571428571429, 0.2857142857142857, 0.7142857142857143, 0.8571428571428572, 0.8571428571428572], [0.2857142857142857, 0.0, 0.2857142857142857, 0.5714285714285714, 0.7142857142857143, 0.7142857142857143, 0.8571428571428572, 0.1428571428571429], [0.0, 0.7142857142857143, 0.2857142857142857, 0.8571428571428572, 0.8571428571428572, 1.0, 0.8571428571428572, 1.0, 0.8571428571428572, 1.0, 1.0, 0.7142857142857143, 1.0, 0.8571428571428572, 1.0], [0.0, 0.4285714285714286, 0.2857142857142857, 0.5714285714285714, 0.7142857142857143, 0.7142857142857143, 0.7142857142857143, 0.8571428571428572, 0.8571428571428572, 0.8571428571428572, 0.8571428571428572, 0.8571428571428572, 1.0, 1.0, 1.0, 1.0, 1.0, 0.7142857142857143], [0.0, 0.2857142857142857, 0.7142857142857143, 0.8571428571428572, 0.2857142857142857, 0.5714285714285714, 1.0, 1.0, 0.8571428571428572, 0.8571428571428572, 1.0, 1.0, 0.8571428571428572, 0.8571428571428572, 1.0, 1.0, 0.7142857142857143, 1.0, 1.0, 1.0, 1.0, 1.0, 1.0, 1.0, 0.4285714285714286, 0.5714285714285714, 0.8571428571428572, 0.8571428571428572, 0.7142857142857143, 0.8571428571428572, 1.0, 1.0, 0.8571428571428572, 0.8571428571428572, 1.0, 1.0, 0.8571428571428572, 0.8571428571428572, 1.0, 1.0, 1.0, 1.0, 1.0, 1.0, 1.0, 1.0, 1.0, 1.0], [0.2857142857142857, 0.1428571428571429, 0.5714285714285714, 0.8571428571428572, 0.8571428571428572, 1.0, 1.0, 0.7142857142857143, 0.8571428571428572, 1.0, 1.0, 0.0, 0.2857142857142857, 0.2857142857142857, 0.5714285714285714, 0.8571428571428572, 0.8571428571428572, 1.0, 1.0, 0.7142857142857143, 0.8571428571428572, 0.4285714285714286, 0.7142857142857143, 1.0, 1.0, 0.8571428571428572, 1.0, 1.0, 1.0, 1.0, 1.0, 1.0, 1.0, 1.0, 1.0, 1.0, 1.0, 1.0, 1.0, 0.7142857142857143, 0.7142857142857143, 1.0, 1.0], [0.8571428571428572, 0.8571428571428572, 0.8571428571428572, 0.8571428571428572, 0.8571428571428572, 0.8571428571428572, 0.8571428571428572, 0.8571428571428572, 0.8571428571428572, 0.8571428571428572, 0.8571428571428572, 0.8571428571428572], [0.1428571428571429, 0.7142857142857143, 0.2857142857142857, 0.7142857142857143, 0.8571428571428572, 1.0, 1.0, 1.0, 0.5714285714285714, 0.8571428571428572, 0.5714285714285714, 0.8571428571428572, 1.0, 1.0, 1.0, 1.0, 0.4285714285714286, 0.8571428571428572, 0.5714285714285714, 1.0]]
patIPCs : [[0.039229996727156914, 0.6585009089859657, 0.7535498327243878, 0.10264987510309946, 0.14187987183025635, 0.666133641275633, 0.755605331182764, 0.6588389497231498], [0.1514062661963839, 0.03305245028504792, 0.18445871648143175, 0.41556235872318065, 0.5092902157980316, 0.5481380212590329, 0.6251958662625485, 0.07665224003143331], [0.04230219334774062, 0.577090798886555, 0.19629135563326822, 0.65364829229165, 0.761014017906206, 0.8134397792793359, 0.8449853448465942, 0.8943248225731687, 0.8530037780263177, 0.8665563840926342, 0.8665563840926342, 0.5987918012207613, 0.7944236477257475, 0.6556214254211482, 0.8446851274269555], [0.04230219334774062, 0.30852892721196895, 0.15229461837403516, 0.36740778363071047, 0.6068760307320843, 0.6358616055597514, 0.6028121917199097, 0.70517466497622, 0.6822791859233545, 0.7548369315332103, 0.7680296865426753, 0.7970152613703423, 0.9058124125157672, 0.9118759584774454, 0.9799896858470712, 0.9608736549635795, 0.9669372009252578, 0.6450615939328838], [0.04230219334774062, 0.15636686796352614, 0.6150289404883827, 0.6985681842813183, 0.19536230887845013, 0.30370703847038566, 0.6706538287108942, 0.7523133732557094, 0.8323535457348407, 0.8390955806783145, 0.9601233299075026, 0.9668653648509764, 0.8486947584789312, 0.855436793422405, 0.9601233299075026, 0.9668653648509764, 0.6702832688097312, 0.7476560172275384, 0.7217978813430194, 0.7972909305127063, 0.9601233299075026, 0.9668653648509764, 0.9601233299075026, 0.9668653648509764, 0.2978228516783072, 0.3607739576865397, 0.7066853382110311, 0.7604198543575125, 0.4235608212215313, 0.4807919822059139, 0.7546499467019554, 0.8065047636003164, 0.8419527235354574, 0.8486947584789312, 0.9697225077081192, 0.976464542651593, 0.8582939362795478, 0.8650359712230216, 0.9697225077081192, 0.976464542651593, 0.7484344078548375, 0.8021689240013189, 0.7935418734886192, 0.84539669038698, 0.9697225077081192, 0.976464542651593, 0.9697225077081192, 0.976464542651593], [0.15746375786538633, 0.11209920713307665, 0.26384301997461307, 0.6174531422224787, 0.672507085970221, 0.6499213224200135, 0.7011350203920265, 0.677002700531789, 0.7527382799072407, 0.8043630484891738, 0.8536970472130664, 0.01921417025971753, 0.17667792812510383, 0.1313133773927942, 0.2830571902343305, 0.636667312482196, 0.6917212562299387, 0.6691354926797312, 0.7203491906517441, 0.6918572248676925, 0.7675928042431445, 0.3134081649013339, 0.4352672602272962, 0.7145911601612684, 0.7626144441777614, 0.801914364700333, 0.851817347964946, 0.8409948635803944, 0.8871384483487671, 0.8989905722765954, 0.9508308366646484, 0.9025245871699438, 0.9518585858938364, 0.7008115498451558, 0.7549559616986465, 0.7383033124379919, 0.7895170104100048, 0.8029615114602472, 0.8552262240656177, 0.5446656660136108, 0.6175355883968129, 0.840229327088899, 0.8895633258127915], [0.8382118666911522, 0.8403763688556545, 0.8403763688556545, 0.8556599771682877, 0.8578244793327899, 0.8578244793327899, 0.8468355096487075, 0.8490000118132095, 0.8490000118132095, 0.8609995478762534, 0.8631640500407556, 0.8631640500407556], [0.11570671074058027, 0.6900846478242626, 0.15111667351187977, 0.7196919632287467, 0.7696727578138578, 0.8884207255058961, 0.8943275208069823, 0.8957705222499838, 0.2545774317616564, 0.7529471353792542, 0.2899873945329559, 0.7825544507837384, 0.8325352453688495, 0.904987112111735, 0.9108939074128214, 0.9123369088558227, 0.3036109445777978, 0.8001485866187653, 0.3368564051845952, 0.8275913998587472]]
Optional results : []
