2;3;4;5;6;9;10;11;12;13;14;15;16;17;18;19;20;22;24;28;31;34;35;36;37;38;41;42;43;44;46;47;48;50;51;53;54;57;60;61;62;63;65;66;67;68;72;73;75;76;78;79;80;81;82;84;88;89;90;91;92;96;97;98;100;102;103;106;109;110;111;113;115;116;117;120;121;122;123;124;125;127;131;133;134;135;136;137;138;139;140;141;143;145;146;147;148;149;150;153;155;156;157;158
0;1;7;8;21;23;25;26;27;29;30;32;33;39;40;45;49;52;55;56;58;59;64;69;70;71;74;77;83;85;86;87;93;94;95;99;101;104;105;107;108;112;114;118;119;126;128;129;130;132;142;144;151;152;154;159
2;4;5;6;9;10;11;12;13;14;16;17;18;23;24;28;31;34;35;36;37;43;46;47;52;54;60;61;62;64;65;67;81;83;88;89;91;92;95;96;100;103;109;110;113;115;117;121;122;123;125;133;134;135;139;140;148;150;153
0;7;21;25;26;27;29;33;39;40;45;49;56;58;59;69;70;71;74;77;85;86;87;93;94;99;101;104;105;107;108;112;114;118;119;126;128;129;130;132;142;144;151;152;154;159
1;3;8;15;19;20;22;30;32;38;41;42;44;48;50;51;53;55;57;63;66;68;72;73;75;76;78;79;80;82;84;90;97;98;102;106;111;116;120;124;127;131;136;137;138;141;143;145;146;147;149;155;156;157;158
1;3;8;15;19;20;22;30;32;38;41;42;44;48;50;51;53;55;57;63;66;68;72;73;75;76;78;79;80;82;84;90;97;98;102;106;111;116;120;124;127;131;136;137;138;141;143;145;146;147;149;155;156;157;158
2;4;5;6;9;10;11;12;13;14;16;17;18;24;28;31;34;35;36;37;43;46;47;54;60;61;62;65;67;81;88;89;91;92;96;100;103;109;110;113;115;117;121;122;123;125;133;134;135;139;140;148;150;153
21;29;33;56;69;70;71;77;118;128;129;132;151;152;159
0;7;23;25;26;27;39;40;45;49;52;58;59;64;74;83;85;86;87;93;94;95;99;101;104;105;107;108;112;114;119;126;130;142;144;154
7;23;27;39;40;45;52;58;59;64;74;83;86;87;93;95;101;104;108;112;126;130;142
3;15;19;22;41;42;48;50;51;53;57;63;66;72;73;75;76;78;79;80;82;84;90;111;116;124;127;131;136;137;138;141;143;145;146;147;149;155;156;157;158
0;1;8;21;25;26;29;30;32;33;49;55;56;69;70;71;77;85;94;97;99;105;107;114;118;119;128;129;132;144;151;152;154;159
20;38;44;68;98;102;106;120
2;4;5;6;9;10;11;12;13;14;16;17;18;24;28;31;34;35;36;37;43;46;47;54;60;61;62;65;67;81;88;89;91;92;96;100;103;109;110;113;115;117;121;122;123;125;133;134;135;139;140;148;150;153
2;4;5;6;9;10;11;12;13;14;16;17;18;24;28;31;34;35;36;37;43;46;47;54;60;61;62;65;67;81;88;89;91;92;96;100;103;109;110;113;115;117;121;122;123;125;133;134;135;139;140;148;150;153
0;1;8;25;26;30;32;33;49;55;56;69;70;85;94;97;99;105;107;114;119;129;132;144;151;154
3;15;19;22;41;42;48;50;51;53;57;63;66;72;73;75;76;78;79;80;82;84;90;111;116;124;127;131;136;137;138;141;143;145;146;147;149;155;156;157;158
21;29;71;77;118;128;152;159
7;23;27;39;40;45;52;58;59;64;74;83;86;87;93;95;101;104;108;112;126;130;142
20;38;44;68;98;102;106;120
1;3;8;19;22;41;50;53;55;76;80;84;111;124;127;131;136;147;149;157
2;4;5;6;9;11;12;16;18;23;24;28;31;34;35;37;43;46;47;52;54;61;62;65;67;81;88;89;91;92;95;96;100;109;110;113;115;117;121;122;123;125;133;134;135;139;140;148;153
21;29;71;77;118;128;152;159
7;27;39;40;45;58;59;64;74;83;86;87;93;101;104;108;112;126;130;142
20;38;44;68;98;102;106;120
10;13;14;15;17;36;42;48;51;57;60;63;66;72;73;75;78;79;82;90;103;116;137;138;141;143;145;146;150;155;156;158
0;25;26;30;32;33;49;56;69;70;85;94;97;99;105;107;114;119;129;132;144;151;154
0;1;8;25;26;30;32;33;49;55;56;69;70;85;94;97;99;105;107;114;119;129;132;144;151;154
6;9;11;16;31;35;57;65;91;110;123;140;141;148
3;22;50;76;84;124;127;131;136;143;149;157;158
7;27;39;40;45;58;59;64;74;83;86;87;93;101;104;108;112;126;130;142
2;4;5;12;18;23;24;28;34;37;43;46;47;52;54;61;62;67;81;88;89;92;95;96;100;109;113;115;117;121;122;125;133;134;135;139;153
10;13;14;15;17;19;36;41;42;48;51;53;60;63;66;72;73;75;78;79;80;82;90;103;111;116;137;138;145;146;147;150;155;156
21;29;71;77;118;128;152;159
20;38;44;68;98;102;106;120
7;23;45;52;58;59;64;83;95;142
10;13;14;15;17;36;42;48;51;57;60;63;72;73;75;78;79;82;90;96;103;109;116;137;145;146;150;155;156
25;26;30;32;49;66;97;105;107;114;119;138;141;144
21;29;71;77;118;128;152;159
3;22;50;76;84;124;127;131;136;143;149;157;158
2;4;5;6;9;11;12;16;18;24;28;31;34;35;37;43;46;47;54;61;62;65;67;81;88;89;91;92;100;110;113;115;117;121;122;123;125;133;134;135;139;140;148;153
0;1;8;19;33;41;53;55;56;69;70;80;85;94;99;111;129;132;147;151;154
27;39;40;74;86;87;93;101;104;108;112;126;130
20;38;44;68;98;102;106;120
25;26;30;32;49;66;97;114;119;138;141;144
10;13;14;15;17;19;36;41;42;48;51;53;57;60;63;72;73;75;78;79;80;82;90;96;103;111;116;137;145;146;147;150;155;156;158
3;22;50;76;84;124;127;131;136;143;149;157
27;39;40;74;86;87;93;101;104;108;112;126;130
21;29;71;77;118;128;152;159
0;1;8;33;55;56;69;70;85;94;99;105;107;129;132;151;154
44;68;98;102;106;120
7;23;45;52;58;59;64;83;95;142
2;4;5;6;9;11;12;16;18;24;28;31;34;35;37;43;46;47;54;61;62;65;67;81;88;89;91;92;100;109;110;113;115;117;121;122;123;125;133;134;135;139;140;148;153
20;38
10;13;14;15;17;19;36;41;42;48;51;53;60;63;72;73;75;78;79;80;82;90;103;111;116;137;145;146;147;150;155;156;158
25;26;49;114;119;144
2;4;5;12;18;24;28;34;37;43;46;47;54;61;62;67;81;88;89;92;96;100;109;113;115;117;121;122;125;133;134;135;139;153
27;39;40;74;86;87;93;101;104;108;112;126;130
21;29;71;77;118;128;152;159
7;23;45;52;58;59;64;83;95;142
20;38;44;68;98;102;106;120
3;22;50;76;84;124;127;131;136;149;157
6;9;11;16;31;35;57;65;91;110;123;140;148
30;32;66;97;138;141;143
0;1;8;33;55;56;69;70;85;94;99;105;107;129;132;151;154
2;4;5;6;9;11;12;16;18;24;28;31;34;35;37;43;46;47;54;61;62;65;67;81;88;89;91;92;96;100;109;110;113;115;117;121;122;123;125;133;134;135;139;140;148;153
27;39;40;74;86;87;93;101;104;108;112;126;130
0;25;26;33;49;56;69;70;85;94;99;105;107;129;132;151;154
1;8;19;41;53;55;80;111;145;147
3;22;50;76;84;124;127;131;136;149;157
44;68;98;102;106;120
21;29;71;77;118;128;152;159
7;45;58;59;142
10;13;14;15;17;36;42;48;51;57;60;63;72;73;75;78;79;82;90;103;116;137;146;150;155;156;158
20;38
23;52;64;83;95
30;32;66;97;114;119;138;141;143;144
2;4;5;12;18;24;28;34;37;43;46;47;54;61;62;67;81;88;89;92;100;113;115;117;121;122;125;133;134;135;139;153
27;39;40;74;86;87;93;101;104;108;112;126;130
3;22;50;76;84;124;127;131;136;149;157
0;25;26;33;49;56;69;70;85;94;99;105;107;129;132;151;154
21;29;71;77;118;128;152;159
10;13;14;15;17;36;42;48;51;60;63;72;73;75;78;79;82;90;103;116;137;146;150;155;156;158
7;23;45;52;58;59;64;83;95;142
30;32;66;97;114;119;138;141;143;144
1;8;19;41;53;55;80;111;145;147
20;38
96;109
6;9;11;16;31;35;57;65;91;110;123;140;148
44;68;98;102;106;120
10;13;14;15;17;36;42;48;51;60;63;72;73;75;78;79;82;90;96;103;116;137;150;155;156
27;39;40;74;86;87;93;101;104;108;112;126;130
0;33;56;69;70;85;94;99;105;107;129;132;151;154
2;4;5;12;18;24;28;34;37;43;46;47;54;61;62;67;81;88;89;92;100;109;113;115;117;121;122;125;133;134;135;139;153
44;68;98;102;106;120
21;29;71;77;118;128;152;159
3;22;50;76;84;124;127;131;136;149;157
30;32;66;97;114;119;138;141;143;144
7;23;45;52;58;59;64;83;95;142
6;9;11;16;31;35;57;65;91;110;123;140;148
20;38
1;8;19;41;53;55;80;111;145;147
25;26;49
146;158
