baseAlgorithms : ['Kmeans']
repeatBPgen : 1
maxClustSize : 395
Coverage : 70
patType : tag
V : 3
clustPatDF.shape : (13, 3)
Kmin : 3
Kmax : 3
minAppar : 0
maxAppar : 2
Discriminativeness : 100
nbMaxMoreThan1 : 0
nbMaxLessThan1 : 0
nbMaxDiffThan1 : 0
idObj : 9

--- RESULTS ---

times : [0.0, 0.0, 0.01, 0.02, 3.19]
allClust : [[3, 5, 8, 9, 12, 14, 15, 16, 20, 21, 22, 23, 27, 31, 32, 34, 36, 37, 39, 42, 47, 48, 50, 51, 56, 57, 59, 65, 66, 69, 70, 73, 83, 87, 91, 94, 96, 98, 101, 102, 104, 107, 109, 110, 113, 115, 116, 117, 119, 120, 121, 122, 123, 125, 129, 138, 139, 143, 151, 156, 158, 167, 169, 171, 176, 181, 182, 184, 187, 194, 195, 196, 198, 200, 211, 212, 215, 222, 223, 224, 226, 230, 233, 236, 237, 243, 245, 246, 249, 256, 258, 260, 262, 265, 271, 273, 286, 287, 288, 289, 291, 292, 293, 294, 295, 298, 299, 302, 303, 304, 305, 306, 308, 311, 314, 320, 323, 324, 326, 329, 331, 335, 336, 338, 342, 345, 346, 348, 349, 351, 356, 359, 360, 361, 363, 366, 369, 371, 374, 376, 378, 380, 391], [0, 1, 7, 18, 35, 67, 72, 79, 82, 86, 92, 100, 103, 128, 130, 131, 134, 135, 136, 137, 140, 144, 146, 148, 150, 153, 160, 162, 168, 170, 173, 177, 203, 216, 220, 221, 239, 242, 244, 248, 259, 264, 269, 296, 310, 316, 332, 333, 334, 337, 341, 343, 367, 373, 381, 383, 384, 386, 387, 389], [2, 4, 6, 10, 11, 13, 17, 19, 24, 25, 26, 28, 29, 30, 33, 38, 40, 41, 43, 44, 45, 46, 49, 52, 53, 54, 55, 58, 60, 61, 62, 63, 64, 68, 71, 74, 75, 76, 77, 78, 80, 81, 84, 85, 88, 89, 90, 93, 95, 97, 99, 105, 106, 108, 111, 112, 114, 118, 124, 126, 127, 132, 133, 141, 142, 145, 147, 149, 152, 154, 155, 157, 159, 161, 163, 164, 165, 166, 172, 174, 175, 178, 179, 180, 183, 185, 186, 188, 189, 190, 191, 192, 193, 197, 199, 201, 202, 204, 205, 206, 207, 208, 209, 210, 213, 214, 217, 218, 219, 225, 227, 228, 229, 231, 232, 234, 235, 238, 240, 241, 247, 250, 251, 252, 253, 254, 255, 257, 261, 263, 266, 267, 268, 270, 272, 274, 275, 276, 277, 278, 279, 280, 281, 282, 283, 284, 285, 290, 297, 300, 301, 307, 309, 312, 313, 315, 317, 318, 319, 321, 322, 325, 327, 328, 330, 339, 340, 344, 347, 350, 352, 353, 354, 355, 357, 358, 362, 364, 365, 368, 370, 372, 375, 377, 379, 382, 385, 388, 390, 392, 393, 394]]
allClustLen : [143, 60, 192]
descrNames : [[['GP'], ['U'], ['T'], ['nursery'], ['higher'], ['internet'], ['age<=17.0'], ['failures<=0.0'], ['goout<=3.0'], ['Dalc<=1.0']], [['GP'], ['GT3'], ['nursery'], ['higher'], ['famrel<=4.0'], ['T'], ['internet'], ['absences<=4.0']], [['GP'], ['U'], ['T'], ['nursery'], ['higher'], ['internet'], ['age<=17.0'], ['famrel<=4.0'], ['failures<=0.0']]]
descrPatIds : [[0, 1, 2, 3, 4, 5, 6, 7, 8, 9], [0, 10, 3, 4, 11, 2, 5, 12], [0, 1, 2, 3, 4, 5, 6, 11, 7]]
descrTagsIds : [['[18]', '[22]', '[26]', '[49]', '[50]', '[51]', '[53]', '[55]', '[61]', '[63]'], ['[18]', '[25]', '[49]', '[50]', '[57]', '[26]', '[51]', '[69]'], ['[18]', '[22]', '[26]', '[49]', '[50]', '[51]', '[53]', '[57]', '[55]']]
nbNotAttrib : 0
nbMultiAttrib : 0
nbOfClusterForEachInstance : [1 1 1 1 1 1 1 1 1 1 1 1 1 1 1 1 1 1 1 1 1 1 1 1 1 1 1 1 1 1 1 1 1 1 1 1 1
 1 1 1 1 1 1 1 1 1 1 1 1 1 1 1 1 1 1 1 1 1 1 1 1 1 1 1 1 1 1 1 1 1 1 1 1 1
 1 1 1 1 1 1 1 1 1 1 1 1 1 1 1 1 1 1 1 1 1 1 1 1 1 1 1 1 1 1 1 1 1 1 1 1 1
 1 1 1 1 1 1 1 1 1 1 1 1 1 1 1 1 1 1 1 1 1 1 1 1 1 1 1 1 1 1 1 1 1 1 1 1 1
 1 1 1 1 1 1 1 1 1 1 1 1 1 1 1 1 1 1 1 1 1 1 1 1 1 1 1 1 1 1 1 1 1 1 1 1 1
 1 1 1 1 1 1 1 1 1 1 1 1 1 1 1 1 1 1 1 1 1 1 1 1 1 1 1 1 1 1 1 1 1 1 1 1 1
 1 1 1 1 1 1 1 1 1 1 1 1 1 1 1 1 1 1 1 1 1 1 1 1 1 1 1 1 1 1 1 1 1 1 1 1 1
 1 1 1 1 1 1 1 1 1 1 1 1 1 1 1 1 1 1 1 1 1 1 1 1 1 1 1 1 1 1 1 1 1 1 1 1 1
 1 1 1 1 1 1 1 1 1 1 1 1 1 1 1 1 1 1 1 1 1 1 1 1 1 1 1 1 1 1 1 1 1 1 1 1 1
 1 1 1 1 1 1 1 1 1 1 1 1 1 1 1 1 1 1 1 1 1 1 1 1 1 1 1 1 1 1 1 1 1 1 1 1 1
 1 1 1 1 1 1 1 1 1 1 1 1 1 1 1 1 1 1 1 1 1 1 1 1 1]
---- : ----
PCRs : [(0.85, 0.08), (0.82, 0.06), (0.81, 0.07)]
DCs : [1.0, 1.0, 1.0]
IPSs : [(0.23, 0.1), (0.2, 0.11), (0.17, 0.08)]
SINGs : [(0.3, 0.4), (0.25, 0.43), (0.11, 0.21)]
IPCs : [(0.24, 0.11), (0.2, 0.11), (0.19, 0.08)]
patPCRs : [[0.8951048951048951, 0.8321678321678322, 0.9020979020979021, 0.8181818181818182, 0.9790209790209791, 0.8741258741258742, 0.7552447552447552, 0.916083916083916, 0.7342657342657343, 0.7692307692307693], [0.8666666666666667, 0.8166666666666667, 0.7666666666666667, 0.9, 0.7666666666666667, 0.9333333333333333, 0.7666666666666667, 0.7666666666666667], [0.8802083333333334, 0.7604166666666666, 0.8802083333333334, 0.7864583333333334, 0.9427083333333334, 0.8229166666666666, 0.71875, 0.7447916666666666, 0.7604166666666666]]
patDCs : []
patIPSs : [[0.12301587301587302, 0.25396825396825395, 0.1071428571428571, 0.21825396825396826, 0.06746031746031744, 0.19047619047619047, 0.3015873015873016, 0.28174603174603174, 0.4007936507936508, 0.3412698412698413], [0.11343283582089547, 0.30746268656716413, 0.19999999999999996, 0.04179104477611939, 0.27462686567164174, 0.11044776119402988, 0.15522388059701497, 0.408955223880597], [0.11330049261083741, 0.2068965517241379, 0.08866995073891626, 0.19704433497536944, 0.044334975369458074, 0.1576354679802956, 0.28078817733990147, 0.28078817733990147, 0.18226600985221675]]
patSINGs : [[0.0, 0.0, 0.0, 0.0, 0.0, 0.0, 0.5, 0.5, 1.0, 1.0], [0.0, 1.0, 0.0, 0.0, 0.0, 0.0, 0.0, 1.0], [0.0, 0.0, 0.0, 0.0, 0.0, 0.0, 0.5, 0.0, 0.5]]
patIPCs : [[0.12656249999999997, 0.2697916666666667, 0.09322916666666664, 0.22343749999999996, 0.0786458333333333, 0.20520833333333333, 0.32395833333333335, 0.328125, 0.42916666666666664, 0.3328125], [0.11234338578088576, 0.30749198717948717, 0.1976799242424242, 0.03913534382284378, 0.27795381701631705, 0.10884688228438227, 0.1514787296037296, 0.3996030011655011], [0.1191142191142191, 0.23391608391608393, 0.08228438228438228, 0.20757575757575752, 0.060489510489510456, 0.17960372960372956, 0.30571095571095575, 0.267016317016317, 0.2502913752913753]]
Optional results : [14.522144522144524, 4.738888888888889, 9.673611111111112]
