baseAlgorithms : ['Kmeans', 'Spectral']
repeatBPgen : 2
maxClustSize : 159
Coverage : 70
patType : pat
V : 80
clustPatDF.shape : (1013, 80)
Kmin : 2
Kmax : 7
minAppar : 0
maxAppar : 2
Discriminativeness : 50
nbMaxMoreThan1 : 15
nbMaxLessThan1 : 15
nbMaxDiffThan1 : 30
idObj : 5

--- RESULTS ---

times : [0.91, 0.0, 1.16, 8.9, 406.56]
allClust : [[32, 45, 46, 47, 48], [0, 8, 9, 10, 11, 12, 13, 14, 15, 16, 17, 18, 19, 20, 21, 22, 23, 24, 25, 26, 27, 28, 29, 30, 31, 33, 34, 35, 36, 37, 38, 39, 40, 41, 42, 49, 50, 51, 52, 53, 54, 55, 56, 57, 58, 59, 60, 61, 62, 63, 64, 65, 66, 67, 68, 69, 70, 71, 72, 73, 77, 78, 84, 85, 86, 87, 88, 89, 91, 92, 97, 98, 99, 100, 101, 102, 103, 104, 105, 106, 107, 108, 109, 110, 111, 112, 113, 114, 115, 116, 117, 118, 119, 120, 121, 122, 123, 124, 125, 126, 127, 128, 129, 130, 132, 133, 134, 135, 136, 140, 141, 142, 143, 144, 145, 146, 147, 148, 149], [1, 2, 3, 4, 5, 6, 7, 43, 44, 74, 75, 76, 80, 81, 82, 83, 90, 95, 96, 131, 137, 151, 152, 153, 154, 155, 156, 157, 158]]
allClustLen : [5, 119, 29]
descrNames : [[['length>172.4', 'width>65.4', 'curb-weight>2340.0', 'engine-size>110.0', 'bore>3.27', 'horsepower>88.0', 'peak-rpm<=5200.0', 'city-mpg<=26.0', 'highway-mpg<=32.0', 'rwd', 'front'], ['symboling<=1.0', 'wheel-base>96.9', 'length>172.4', 'width>65.4', 'curb-weight>2340.0', 'engine-size>110.0', 'bore>3.27', 'stroke>3.27', 'horsepower>88.0', 'peak-rpm<=5200.0', 'city-mpg<=26.0', 'highway-mpg<=32.0', 'rwd', 'front'], ['length>172.4', 'width>65.4', 'curb-weight>2340.0', 'engine-size>110.0', 'bore>3.27', 'horsepower>88.0', 'peak-rpm<=5200.0', 'city-mpg<=26.0', 'highway-mpg<=32.0', 'mercedes-benz', 'rwd', 'front']], [['std', 'front', 'four'], ['gas', 'std', 'front', 'four'], ['fwd', 'front'], ['fwd', 'front', 'four'], ['gas', 'fwd', 'front'], ['gas', 'fwd', 'front', 'four'], ['std', 'fwd', 'front'], ['std', 'fwd', 'front', 'four'], ['gas', 'std', 'fwd', 'front'], ['front', 'ohc', 'four'], ['gas', 'front', 'ohc', 'four'], ['std', 'front', 'ohc', 'four'], ['gas', 'std', 'front', 'ohc', 'four'], ['fwd', 'front', 'ohc', 'four'], ['compression-ratio>9.0', 'front', 'four'], ['compression-ratio>9.0', 'std', 'front'], ['city-mpg>26.0', 'front'], ['city-mpg>26.0', 'front', 'four']], [['curb-weight>2340.0', 'horsepower>88.0', 'city-mpg<=26.0', 'highway-mpg<=32.0', 'gas', 'front', 'mpfi'], ['curb-weight>2340.0', 'engine-size>110.0', 'horsepower>88.0', 'city-mpg<=26.0', 'highway-mpg<=32.0', 'gas', 'front', 'mpfi'], ['wheel-base>96.9', 'length>172.4', 'curb-weight>2340.0', 'horsepower>88.0', 'city-mpg<=26.0', 'highway-mpg<=32.0', 'gas', 'front', 'mpfi'], ['width>65.4', 'curb-weight>2340.0', 'engine-size>110.0', 'horsepower>88.0', 'city-mpg<=26.0', 'highway-mpg<=32.0', 'gas', 'front', 'mpfi'], ['curb-weight>2340.0', 'bore>3.27', 'horsepower>88.0', 'city-mpg<=26.0', 'highway-mpg<=32.0', 'gas', 'front', 'mpfi']]]
descrPatIds : [[142, 145, 146], [5, 7, 12, 13, 14, 15, 16, 17, 18, 8, 9, 10, 11, 19, 21, 22, 24, 25], [68, 69, 72, 73, 74]]
descrTagsIds : [['[7, 9, 13, 15, 17, 23, 24, 26, 28, 65, 66]', '[0, 5, 7, 9, 13, 15, 17, 19, 23, 24, 26, 28, 65, 66]', '[7, 9, 13, 15, 17, 23, 24, 26, 28, 39, 65, 66]'], ['[54, 66, 77]', '[53, 54, 66, 77]', '[64, 66]', '[64, 66, 77]', '[53, 64, 66]', '[53, 64, 66, 77]', '[54, 64, 66]', '[54, 64, 66, 77]', '[53, 54, 64, 66]', '[66, 71, 77]', '[53, 66, 71, 77]', '[54, 66, 71, 77]', '[53, 54, 66, 71, 77]', '[64, 66, 71, 77]', '[21, 66, 77]', '[21, 54, 66]', '[27, 66]', '[27, 66, 77]'], ['[13, 23, 26, 28, 53, 66, 87]', '[13, 15, 23, 26, 28, 53, 66, 87]', '[5, 7, 13, 23, 26, 28, 53, 66, 87]', '[9, 13, 15, 23, 26, 28, 53, 66, 87]', '[13, 17, 23, 26, 28, 53, 66, 87]']]
nbNotAttrib : 6
nbMultiAttrib : 0
nbOfClusterForEachInstance : [1 1 1 1 1 1 1 1 1 1 1 1 1 1 1 1 1 1 1 1 1 1 1 1 1 1 1 1 1 1 1 1 1 1 1 1 1
 1 1 1 1 1 1 1 1 1 1 1 1 1 1 1 1 1 1 1 1 1 1 1 1 1 1 1 1 1 1 1 1 1 1 1 1 1
 1 1 1 1 1 0 1 1 1 1 1 1 1 1 1 1 1 1 1 0 0 1 1 1 1 1 1 1 1 1 1 1 1 1 1 1 1
 1 1 1 1 1 1 1 1 1 1 1 1 1 1 1 1 1 1 1 1 1 1 1 1 1 1 1 0 0 1 1 1 1 1 1 1 1
 1 1 0 1 1 1 1 1 1 1 1]
---- : ----
PCRs : [(0.87, 0.09), (0.77, 0.05), (0.78, 0.05)]
DCs : [1.0, 0.98, 0.86]
IPSs : [(0.97, 0.04), (0.82, 0.11), (0.83, 0.01)]
SINGs : [(1.0, 0.0), (1.0, 0.0), (1.0, 0.0)]
IPCs : [(0.95, 0.05), (0.91, 0.06), (0.76, 0.04)]
patPCRs : [[1.0, 0.8, 0.8], [0.8739495798319328, 0.8319327731092437, 0.8319327731092437, 0.7983193277310925, 0.773109243697479, 0.7394957983193278, 0.7647058823529411, 0.7310924369747899, 0.7226890756302521, 0.8319327731092437, 0.773109243697479, 0.7647058823529411, 0.7226890756302521, 0.7394957983193278, 0.7226890756302521, 0.7310924369747899, 0.7142857142857143, 0.7058823529411765], [0.8620689655172413, 0.7931034482758621, 0.7586206896551724, 0.7241379310344828, 0.7586206896551724]]
patDCs : []
patIPSs : [[0.9155844155844156, 0.9935064935064936, 0.9935064935064936], [0.7, 0.7, 0.85, 0.9, 0.85, 0.9, 0.925, 0.95, 0.925, 0.65, 0.65, 0.75, 0.75, 0.95, 0.7, 0.65, 0.925, 0.95], [0.8076923076923077, 0.8307692307692307, 0.8307692307692307, 0.8384615384615385, 0.823076923076923]]
patSINGs : [[1.0, 1.0, 1.0], [1.0, 1.0, 1.0, 1.0, 1.0, 1.0, 1.0, 1.0, 1.0, 1.0, 1.0, 1.0, 1.0, 1.0, 1.0, 1.0, 1.0, 1.0], [1.0, 1.0, 1.0, 1.0, 1.0]]
patIPCs : [[0.8713416401043176, 0.9827586206896552, 0.9827586206896552], [0.8620689655172413, 0.8620689655172413, 0.9310344827586207, 0.9655172413793103, 0.9310344827586207, 0.9655172413793103, 0.9827586206896552, 1.0, 0.9827586206896552, 0.8103448275862069, 0.8103448275862069, 0.8793103448275862, 0.8793103448275862, 1.0, 0.8448275862068966, 0.8448275862068966, 0.9482758620689655, 0.9655172413793103], [0.7285714285714286, 0.7411764705882353, 0.8369747899159664, 0.7453781512605042, 0.7327731092436975]]
Optional results : [[31066.0, 8555.83, 19054.97], [2603.86, 2159.01, 2396.74]]
