baseAlgorithms : ['Kmeans']
repeatBPgen : 5
maxClustSize : 320
Coverage : 30
patType : pat
V : 70
clustPatDF.shape : (19, 70)
Kmin : 3
Kmax : 3
minAppar : 0
maxAppar : 2
Discriminativeness : 10
nbMaxMoreThan1 : 0
nbMaxLessThan1 : 30
nbMaxDiffThan1 : 30
idObj : 9

--- RESULTS ---

times : [0.4, 0.0, 0.28, 0.47, 258.63]
allClust : [[200, 201, 202, 203, 204, 205, 206, 207, 208, 209, 210, 211, 212, 213, 214, 215, 216, 217, 218, 219, 220, 221, 222, 223, 224, 225, 226, 227, 228, 229, 230, 231, 232, 233, 234, 235, 236, 237, 238, 239, 240, 241, 242, 243, 244, 245, 246, 247, 248, 249, 250, 251, 252, 253, 254, 255, 256, 257, 258, 259, 260, 261, 262, 263, 264, 265, 266, 267, 268, 269, 270, 271, 272, 273, 274, 275, 276, 277, 278, 279, 280, 281, 282, 283, 284, 285, 286, 287, 288, 289, 290, 291, 292, 293, 294, 295, 296, 297, 298, 299, 300, 301, 302, 303, 304, 305, 306, 307, 308, 309, 310, 311, 312, 313, 314, 315, 316, 317, 318, 319], [100, 101, 102, 103, 104, 105, 106, 107, 108, 109, 110, 111, 112, 113, 114, 115, 116, 117, 118, 119, 120, 121, 122, 123, 124, 125, 126, 127, 128, 129, 130, 131, 132, 133, 134, 135, 136, 137, 138, 139, 140, 141, 142, 143, 144, 145, 146, 147, 148, 149, 150, 151, 152, 153, 154, 155, 156, 157, 158, 159, 160, 161, 162, 163, 164, 165, 166, 167, 168, 169, 170, 171, 172, 173, 174, 175, 176, 177, 178, 179, 180, 181, 182, 183, 184, 185, 186, 187, 188, 189, 190, 191, 192, 193, 194, 195, 196, 197, 198, 199], [0, 1, 2, 3, 4, 5, 6, 7, 8, 9, 10, 11, 12, 13, 14, 15, 16, 17, 18, 19, 20, 21, 22, 23, 24, 25, 26, 27, 28, 29, 30, 31, 32, 33, 34, 35, 36, 37, 38, 39, 40, 41, 42, 43, 44, 45, 46, 47, 48, 49, 50, 51, 52, 53, 54, 55, 56, 57, 58, 59, 60, 61, 62, 63, 64, 65, 66, 67, 68, 69, 70, 71, 72, 73, 74, 75, 76, 77, 78, 79, 80, 81, 82, 83, 84, 85, 86, 87, 88, 89, 90, 91, 92, 93, 94, 95, 96, 97, 98, 99]]
allClustLen : [120, 100, 100]
descrNames : [[['green'], ['green', 'large'], ['green', 'circle'], ['circle', 'large']], [['red', 'small'], ['red', 'triangle']], [['blue', 'large'], ['blue', 'square']]]
descrPatIds : [[5, 6, 14, 15], [10, 12], [2, 16]]
descrTagsIds : [['[2]', '[2, 7]', '[2, 5]', '[5, 7]'], ['[1, 6]', '[1, 4]'], ['[0, 7]', '[0, 3]']]
nbNotAttrib : 0
nbMultiAttrib : 0
nbOfClusterForEachInstance : [1 1 1 1 1 1 1 1 1 1 1 1 1 1 1 1 1 1 1 1 1 1 1 1 1 1 1 1 1 1 1 1 1 1 1 1 1
 1 1 1 1 1 1 1 1 1 1 1 1 1 1 1 1 1 1 1 1 1 1 1 1 1 1 1 1 1 1 1 1 1 1 1 1 1
 1 1 1 1 1 1 1 1 1 1 1 1 1 1 1 1 1 1 1 1 1 1 1 1 1 1 1 1 1 1 1 1 1 1 1 1 1
 1 1 1 1 1 1 1 1 1 1 1 1 1 1 1 1 1 1 1 1 1 1 1 1 1 1 1 1 1 1 1 1 1 1 1 1 1
 1 1 1 1 1 1 1 1 1 1 1 1 1 1 1 1 1 1 1 1 1 1 1 1 1 1 1 1 1 1 1 1 1 1 1 1 1
 1 1 1 1 1 1 1 1 1 1 1 1 1 1 1 1 1 1 1 1 1 1 1 1 1 1 1 1 1 1 1 1 1 1 1 1 1
 1 1 1 1 1 1 1 1 1 1 1 1 1 1 1 1 1 1 1 1 1 1 1 1 1 1 1 1 1 1 1 1 1 1 1 1 1
 1 1 1 1 1 1 1 1 1 1 1 1 1 1 1 1 1 1 1 1 1 1 1 1 1 1 1 1 1 1 1 1 1 1 1 1 1
 1 1 1 1 1 1 1 1 1 1 1 1 1 1 1 1 1 1 1 1 1 1 1 1]
---- : ----
PCRs : [(0.54, 0.17), (0.46, 0.02), (0.58, 0.01)]
DCs : [0.85, 0.69, 0.78]
IPSs : [(0.98, 0.02), (0.95, 0.01), (0.92, 0.02)]
SINGs : [(1.0, 0.0), (1.0, 0.0), (1.0, 0.0)]
IPCs : [(0.98, 0.02), (0.96, 0.01), (0.92, 0.02)]
patPCRs : [[0.7833333333333333, 0.5916666666666667, 0.4083333333333333, 0.35833333333333334], [0.48, 0.44], [0.59, 0.57]]
patDCs : []
patIPSs : [[0.975, 0.995, 0.995, 0.94], [0.9454545454545454, 0.9636363636363636], [0.9045454545454545, 0.9409090909090909]]
patSINGs : [[1.0, 1.0, 1.0, 1.0], [1.0, 1.0], [1.0, 1.0]]
patIPCs : [[0.975, 0.995, 0.995, 0.94], [0.9466666666666667, 0.9641666666666666], [0.905, 0.9375]]
Optional results : [(1.0, 1.0, 0)]
