baseAlgorithms : ['Kmeans']
repeatBPgen : 1
maxClustSize : 649
Coverage : 50
patType : pat
V : 14
clustPatDF.shape : (815, 14)
Kmin : 2
Kmax : 8
minAppar : 0
maxAppar : 2
Discriminativeness : 40
nbMaxMoreThan1 : 25
nbMaxLessThan1 : 25
nbMaxDiffThan1 : 50
idObj : 7

--- RESULTS ---

times : [0.2, 0.0, 0.84, 9.64, 530.96]
allClust : [[0, 1, 11, 18, 21, 23, 24, 25, 26, 27, 29, 30, 35, 38, 40, 41, 43, 44, 45, 52, 66, 67, 68, 70, 71, 72, 74, 75, 76, 78, 79, 80, 81, 82, 85, 86, 88, 89, 90, 94, 96, 100, 103, 105, 106, 108, 111, 112, 114, 118, 124, 125, 126, 127, 130, 131, 132, 136, 137, 138, 140, 142, 143, 144, 145, 146, 148, 149, 150, 152, 154, 155, 157, 158, 160, 161, 162, 163, 164, 166, 168, 169, 170, 171, 172, 173, 174, 175, 176, 177, 178, 179, 180, 184, 186, 189, 191, 192, 193, 194, 200, 203, 205, 206, 207, 211, 213, 215, 219, 220, 223, 227, 228, 230, 231, 234, 237, 239, 241, 242, 248, 251, 253, 254, 255, 256, 257, 259, 260, 262, 263, 264, 271, 273, 274, 275, 277, 278, 279, 280, 281, 282, 283, 284, 287, 290, 291, 294, 297, 298, 299, 301, 302, 305, 308, 310, 311, 318, 319, 322, 323, 324, 325, 347, 350, 352, 353, 361, 368, 369, 370, 371, 373, 379, 382, 383, 384, 385, 388, 389, 405, 407, 408, 413, 415, 419, 421, 423, 425, 426, 428, 429, 430, 431, 432, 434, 435, 436, 437, 438, 440, 441, 443, 444, 445, 446, 447, 451, 452, 453, 454, 455, 457, 459, 460, 464, 465, 466, 471, 473, 474, 476, 477, 478, 479, 480, 481, 482, 483, 484, 485, 486, 487, 488, 489, 490, 491, 492, 493, 494, 497, 500, 502, 505, 506, 507, 508, 511, 512, 513, 514, 515, 518, 519, 520, 521, 522, 523, 524, 527, 528, 529, 530, 531, 532, 534, 535, 538, 539, 540, 541, 542, 543, 544, 545, 547, 548, 552, 553, 554, 556, 557, 558, 560, 561, 563, 564, 565, 566, 567, 568, 569, 570, 571, 572, 573, 574, 575, 576, 577, 578, 579, 580, 581, 582, 583, 584, 585, 586, 587, 588, 589, 590, 597, 598, 601, 603, 604, 605, 607, 608, 609, 610, 612, 613, 622, 624, 625, 626, 627, 628, 629, 631, 632, 635, 637, 639, 640, 642, 643, 644, 646, 647, 648], [2, 3, 4, 5, 6, 7, 8, 9, 10, 12, 13, 14, 15, 16, 17, 19, 20, 22, 28, 31, 32, 33, 34, 36, 37, 39, 42, 46, 47, 48, 49, 50, 51, 53, 54, 55, 56, 57, 58, 59, 60, 61, 62, 63, 64, 65, 69, 73, 77, 83, 84, 87, 91, 92, 93, 95, 97, 98, 99, 101, 102, 104, 107, 109, 110, 113, 115, 116, 117, 119, 120, 121, 122, 123, 128, 129, 133, 134, 135, 139, 141, 147, 151, 153, 156, 159, 165, 167, 181, 182, 183, 185, 187, 188, 190, 195, 196, 197, 198, 199, 201, 202, 204, 208, 209, 210, 212, 214, 216, 217, 218, 221, 222, 224, 225, 226, 229, 232, 233, 235, 236, 238, 240, 243, 244, 245, 246, 247, 249, 250, 252, 258, 261, 265, 266, 267, 268, 269, 270, 272, 276, 285, 286, 288, 289, 292, 293, 295, 296, 300, 303, 304, 306, 307, 309, 312, 313, 314, 315, 316, 317, 320, 321, 326, 327, 328, 329, 330, 331, 332, 333, 334, 335, 336, 337, 338, 339, 340, 341, 342, 343, 344, 345, 346, 348, 349, 351, 354, 355, 356, 357, 358, 359, 360, 362, 363, 364, 365, 366, 367, 372, 374, 375, 376, 377, 378, 380, 381, 386, 387, 390, 391, 392, 393, 394, 395, 396, 397, 398, 399, 400, 401, 402, 403, 404, 406, 409, 410, 411, 412, 414, 416, 417, 418, 420, 422, 424, 427, 433, 439, 442, 448, 449, 450, 456, 458, 461, 462, 463, 467, 468, 469, 470, 472, 475, 495, 496, 498, 499, 501, 503, 504, 509, 510, 516, 517, 525, 526, 533, 536, 537, 546, 549, 550, 551, 555, 559, 562, 591, 592, 593, 594, 595, 596, 599, 600, 602, 606, 611, 614, 615, 616, 617, 618, 619, 620, 621, 623, 630, 633, 634, 636, 638, 641, 645]]
allClustLen : [344, 305]
descrNames : [[['absences>2.0']], [['higher', 'failures<=0.0', 'Dalc<=1.0'], ['U', 'nursery', 'higher'], ['GP', 'higher', 'failures<=0.0'], ['age<=17.0', 'failures<=0.0', 'famrel<=4.0'], ['T', 'higher', 'health<=4.0']]]
descrPatIds : [[63], [77, 115, 143, 262, 376]]
descrTagsIds : [['[70]'], ['[50, 55, 63]', '[22, 49, 50]', '[18, 50, 55]', '[53, 55, 57]', '[26, 50, 67]']]
nbNotAttrib : 0
nbMultiAttrib : 0
nbOfClusterForEachInstance : [1 1 1 1 1 1 1 1 1 1 1 1 1 1 1 1 1 1 1 1 1 1 1 1 1 1 1 1 1 1 1 1 1 1 1 1 1
 1 1 1 1 1 1 1 1 1 1 1 1 1 1 1 1 1 1 1 1 1 1 1 1 1 1 1 1 1 1 1 1 1 1 1 1 1
 1 1 1 1 1 1 1 1 1 1 1 1 1 1 1 1 1 1 1 1 1 1 1 1 1 1 1 1 1 1 1 1 1 1 1 1 1
 1 1 1 1 1 1 1 1 1 1 1 1 1 1 1 1 1 1 1 1 1 1 1 1 1 1 1 1 1 1 1 1 1 1 1 1 1
 1 1 1 1 1 1 1 1 1 1 1 1 1 1 1 1 1 1 1 1 1 1 1 1 1 1 1 1 1 1 1 1 1 1 1 1 1
 1 1 1 1 1 1 1 1 1 1 1 1 1 1 1 1 1 1 1 1 1 1 1 1 1 1 1 1 1 1 1 1 1 1 1 1 1
 1 1 1 1 1 1 1 1 1 1 1 1 1 1 1 1 1 1 1 1 1 1 1 1 1 1 1 1 1 1 1 1 1 1 1 1 1
 1 1 1 1 1 1 1 1 1 1 1 1 1 1 1 1 1 1 1 1 1 1 1 1 1 1 1 1 1 1 1 1 1 1 1 1 1
 1 1 1 1 1 1 1 1 1 1 1 1 1 1 1 1 1 1 1 1 1 1 1 1 1 1 1 1 1 1 1 1 1 1 1 1 1
 1 1 1 1 1 1 1 1 1 1 1 1 1 1 1 1 1 1 1 1 1 1 1 1 1 1 1 1 1 1 1 1 1 1 1 1 1
 1 1 1 1 1 1 1 1 1 1 1 1 1 1 1 1 1 1 1 1 1 1 1 1 1 1 1 1 1 1 1 1 1 1 1 1 1
 1 1 1 1 1 1 1 1 1 1 1 1 1 1 1 1 1 1 1 1 1 1 1 1 1 1 1 1 1 1 1 1 1 1 1 1 1
 1 1 1 1 1 1 1 1 1 1 1 1 1 1 1 1 1 1 1 1 1 1 1 1 1 1 1 1 1 1 1 1 1 1 1 1 1
 1 1 1 1 1 1 1 1 1 1 1 1 1 1 1 1 1 1 1 1 1 1 1 1 1 1 1 1 1 1 1 1 1 1 1 1 1
 1 1 1 1 1 1 1 1 1 1 1 1 1 1 1 1 1 1 1 1 1 1 1 1 1 1 1 1 1 1 1 1 1 1 1 1 1
 1 1 1 1 1 1 1 1 1 1 1 1 1 1 1 1 1 1 1 1 1 1 1 1 1 1 1 1 1 1 1 1 1 1 1 1 1
 1 1 1 1 1 1 1 1 1 1 1 1 1 1 1 1 1 1 1 1 1 1 1 1 1 1 1 1 1 1 1 1 1 1 1 1 1
 1 1 1 1 1 1 1 1 1 1 1 1 1 1 1 1 1 1 1 1]
---- : ----
PCRs : [(0.51, 0.0), (0.67, 0.09)]
DCs : [0.51, 1.0]
IPSs : [(0.65, 0.0), (0.62, 0.01)]
SINGs : [(1.0, 0.0), (1.0, 0.0)]
IPCs : [(0.65, 0.0), (0.62, 0.01)]
patPCRs : [[0.5145348837209303], [0.7770491803278688, 0.6557377049180327, 0.760655737704918, 0.5540983606557377, 0.5901639344262295]]
patDCs : []
patIPSs : [[0.6524590163934426], [0.6104651162790697, 0.6075581395348837, 0.627906976744186, 0.6104651162790697, 0.6191860465116279]]
patSINGs : [[1.0], [1.0, 1.0, 1.0, 1.0, 1.0]]
patIPCs : [[0.6524590163934426], [0.6104651162790697, 0.6075581395348837, 0.627906976744186, 0.6104651162790697, 0.6191860465116279]]
Optional results : [[[7.333333333333333, 10.333333333333334, 11.666666666666666, 7.666666666666667, 11.666666666666666, 10.0, 10.333333333333334, 11.0, 11.666666666666666, 11.0, 11.666666666666666, 10.666666666666666, 11.0, 11.666666666666666, 10.666666666666666, 10.666666666666666, 9.666666666666666, 10.666666666666666, 10.666666666666666, 9.333333333333334, 11.666666666666666, 9.666666666666666, 10.666666666666666, 11.666666666666666, 10.0, 11.666666666666666, 11.0, 11.0, 11.333333333333334, 9.333333333333334, 11.333333333333334, 11.333333333333334, 9.333333333333334, 11.333333333333334, 11.666666666666666, 11.666666666666666, 11.0, 9.333333333333334, 10.333333333333334, 11.666666666666666, 10.333333333333334, 8.666666666666666, 10.333333333333334, 10.0, 10.0, 11.0, 11.0, 9.333333333333334, 9.666666666666666, 11.333333333333334, 11.333333333333334, 9.0, 10.666666666666666, 10.0, 11.0, 9.0, 10.666666666666666, 9.666666666666666, 11.666666666666666, 11.333333333333334, 9.666666666666666, 11.333333333333334, 11.333333333333334, 11.333333333333334, 9.333333333333334, 10.0, 8.666666666666666, 10.333333333333334, 8.666666666666666, 11.333333333333334, 10.666666666666666, 7.333333333333333, 10.333333333333334, 11.0, 11.0, 8.666666666666666, 11.333333333333334, 6.666666666666667, 9.666666666666666, 10.333333333333334, 7.666666666666667, 9.0, 10.666666666666666, 11.0, 7.0, 9.0, 8.333333333333334, 7.0, 9.0, 8.333333333333334, 8.0, 7.666666666666667, 10.0, 9.333333333333334, 10.0, 10.666666666666666, 10.0, 10.0, 11.666666666666666, 10.666666666666666, 10.0, 9.333333333333334, 11.666666666666666, 11.0, 10.333333333333334, 11.0, 10.666666666666666, 11.666666666666666, 8.333333333333334, 11.333333333333334, 11.666666666666666, 11.333333333333334, 11.333333333333334, 10.0, 10.0, 10.666666666666666, 9.666666666666666, 8.0, 10.666666666666666, 10.0, 9.0, 9.666666666666666, 10.0, 9.0, 7.333333333333333, 7.666666666666667, 9.0, 10.333333333333334, 11.333333333333334, 8.666666666666666, 7.666666666666667, 10.0, 11.333333333333334, 11.0, 9.666666666666666, 11.0, 10.666666666666666, 11.333333333333334, 6.666666666666667, 9.666666666666666, 11.333333333333334, 7.333333333333333, 10.0, 7.0, 9.666666666666666, 10.333333333333334, 10.666666666666666, 11.666666666666666, 9.666666666666666, 11.0, 11.333333333333334, 10.333333333333334, 11.0, 8.333333333333334, 11.0, 9.0, 11.666666666666666, 10.333333333333334, 11.666666666666666, 9.0, 10.0, 10.333333333333334, 10.666666666666666, 7.333333333333333, 10.0, 10.333333333333334, 10.333333333333334, 10.333333333333334, 9.333333333333334, 10.333333333333334, 8.333333333333334, 10.0, 10.666666666666666, 10.333333333333334, 11.333333333333334, 11.333333333333334, 10.333333333333334, 9.666666666666666, 11.0, 10.333333333333334, 10.666666666666666, 11.0, 10.666666666666666, 9.666666666666666, 10.0, 9.666666666666666, 9.333333333333334, 10.666666666666666, 10.0, 10.333333333333334, 7.666666666666667, 10.666666666666666, 10.666666666666666, 10.0, 6.333333333333333, 10.0, 10.0, 7.0, 11.666666666666666, 11.0, 2.3333333333333335, 8.666666666666666, 8.0, 10.0, 8.333333333333334, 11.0, 9.0, 10.666666666666666, 10.0, 8.666666666666666, 8.333333333333334, 9.333333333333334, 10.666666666666666, 9.666666666666666, 10.666666666666666, 11.0, 8.333333333333334, 10.0, 11.666666666666666, 9.333333333333334, 10.666666666666666, 8.666666666666666, 11.0, 7.333333333333333, 9.333333333333334, 9.333333333333334, 10.0, 9.333333333333334, 10.0, 7.333333333333333, 10.666666666666666, 9.666666666666666, 8.666666666666666, 8.333333333333334, 9.0, 10.0, 8.0, 9.333333333333334, 9.333333333333334, 8.666666666666666, 10.333333333333334, 6.666666666666667, 9.0, 11.0, 10.0, 10.666666666666666, 9.333333333333334, 10.0, 7.0, 7.333333333333333, 6.666666666666667, 9.0, 7.0, 5.0, 7.333333333333333, 9.333333333333334, 8.0, 5.666666666666667, 8.0, 9.666666666666666, 9.0, 11.0, 8.666666666666666, 10.0, 8.0, 11.666666666666666, 10.0, 11.0, 9.666666666666666, 10.333333333333334, 10.333333333333334, 11.0, 8.666666666666666, 11.666666666666666, 8.333333333333334, 10.666666666666666, 10.666666666666666, 9.333333333333334, 11.333333333333334, 10.333333333333334, 10.0, 8.666666666666666, 10.333333333333334, 9.666666666666666, 9.666666666666666, 2.3333333333333335, 10.0, 9.666666666666666, 8.333333333333334, 1.3333333333333333, 8.666666666666666, 6.666666666666667, 7.666666666666667, 8.666666666666666, 5.666666666666667, 8.666666666666666, 9.666666666666666, 10.333333333333334, 10.0, 10.0, 9.0, 9.333333333333334, 9.0, 7.333333333333333, 7.0, 4.666666666666667, 10.666666666666666, 7.666666666666667, 5.333333333333333, 7.0, 9.0, 9.0, 7.333333333333333, 3.0, 10.666666666666666, 8.666666666666666, 1.6666666666666667, 9.666666666666666, 1.6666666666666667, 11.333333333333334, 9.666666666666666, 11.333333333333334, 2.6666666666666665, 10.666666666666666, 10.0, 9.0, 8.333333333333334, 10.0, 4.0, 9.666666666666666, 11.0, 8.0, 11.0, 8.0, 8.666666666666666, 4.666666666666667, 4.333333333333333, 4.666666666666667, 8.666666666666666, 8.666666666666666, 10.333333333333334, 10.666666666666666, 10.0, 10.666666666666666], [12.333333333333334, 14.0, 12.333333333333334, 12.333333333333334, 12.666666666666666, 12.0, 16.0, 12.333333333333334, 14.0, 12.333333333333334, 12.333333333333334, 14.333333333333334, 17.0, 13.333333333333334, 13.666666666666666, 12.0, 13.0, 13.0, 12.333333333333334, 15.0, 14.0, 12.333333333333334, 12.0, 14.0, 13.0, 13.0, 14.666666666666666, 12.666666666666666, 17.0, 12.0, 12.333333333333334, 13.333333333333334, 15.333333333333334, 12.333333333333334, 12.666666666666666, 12.333333333333334, 14.666666666666666, 15.333333333333334, 13.666666666666666, 15.666666666666666, 16.333333333333332, 12.0, 12.0, 13.333333333333334, 12.333333333333334, 15.666666666666666, 15.0, 13.333333333333334, 13.0, 12.666666666666666, 12.333333333333334, 15.0, 13.333333333333334, 12.333333333333334, 13.666666666666666, 13.0, 12.333333333333334, 12.666666666666666, 12.666666666666666, 16.0, 12.333333333333334, 16.0, 13.666666666666666, 14.666666666666666, 13.666666666666666, 17.666666666666668, 14.666666666666666, 15.666666666666666, 14.333333333333334, 13.666666666666666, 14.0, 13.333333333333334, 13.0, 12.666666666666666, 14.333333333333334, 12.666666666666666, 12.0, 12.333333333333334, 14.0, 14.0, 13.333333333333334, 13.666666666666666, 13.666666666666666, 13.0, 12.0, 12.666666666666666, 13.0, 13.0, 17.333333333333332, 12.333333333333334, 16.333333333333332, 17.0, 13.333333333333334, 14.333333333333334, 13.0, 12.0, 17.333333333333332, 13.666666666666666, 15.0, 12.666666666666666, 14.333333333333334, 13.0, 12.333333333333334, 12.333333333333334, 15.0, 13.333333333333334, 15.0, 14.333333333333334, 14.666666666666666, 13.0, 13.0, 14.666666666666666, 12.666666666666666, 12.0, 12.333333333333334, 13.0, 15.0, 12.666666666666666, 12.333333333333334, 12.0, 13.333333333333334, 15.666666666666666, 17.333333333333332, 15.333333333333334, 12.666666666666666, 12.666666666666666, 13.0, 13.333333333333334, 12.0, 16.0, 13.333333333333334, 14.333333333333334, 13.0, 14.666666666666666, 14.333333333333334, 15.0, 12.0, 14.333333333333334, 14.666666666666666, 14.0, 15.666666666666666, 13.0, 12.333333333333334, 12.333333333333334, 15.333333333333334, 12.333333333333334, 12.333333333333334, 12.666666666666666, 16.0, 15.0, 13.333333333333334, 12.0, 15.666666666666666, 12.0, 12.0, 16.0, 13.0, 17.0, 14.333333333333334, 15.666666666666666, 12.0, 13.0, 14.333333333333334, 13.0, 17.333333333333332, 12.666666666666666, 12.666666666666666, 13.0, 12.0, 18.0, 13.333333333333334, 14.666666666666666, 17.0, 15.666666666666666, 17.666666666666668, 18.666666666666668, 14.666666666666666, 14.666666666666666, 13.333333333333334, 13.666666666666666, 16.666666666666668, 17.666666666666668, 14.666666666666666, 12.666666666666666, 16.0, 18.0, 14.666666666666666, 13.0, 12.333333333333334, 16.0, 15.333333333333334, 13.0, 15.666666666666666, 12.333333333333334, 12.0, 12.333333333333334, 15.333333333333334, 15.333333333333334, 12.333333333333334, 12.333333333333334, 13.333333333333334, 17.333333333333332, 14.333333333333334, 14.0, 13.333333333333334, 17.333333333333332, 12.666666666666666, 14.666666666666666, 15.0, 14.666666666666666, 13.666666666666666, 12.666666666666666, 13.333333333333334, 14.333333333333334, 14.666666666666666, 12.333333333333334, 16.333333333333332, 12.0, 12.333333333333334, 15.666666666666666, 15.333333333333334, 13.666666666666666, 12.0, 14.0, 14.666666666666666, 12.0, 14.0, 15.666666666666666, 14.0, 16.0, 13.666666666666666, 17.333333333333332, 16.0, 13.666666666666666, 16.0, 12.0, 12.0, 16.666666666666668, 13.666666666666666, 15.333333333333334, 13.0, 16.333333333333332, 12.333333333333334, 15.0, 14.0, 12.0, 13.0, 13.666666666666666, 12.333333333333334, 13.666666666666666, 12.666666666666666, 12.666666666666666, 12.333333333333334, 14.666666666666666, 13.0, 13.333333333333334, 14.0, 13.666666666666666, 16.333333333333332, 13.0, 14.0, 12.666666666666666, 17.0, 16.333333333333332, 15.333333333333334, 14.333333333333334, 15.0, 13.666666666666666, 15.0, 13.666666666666666, 12.333333333333334, 14.666666666666666, 17.666666666666668, 12.666666666666666, 13.333333333333334, 13.333333333333334, 12.333333333333334, 12.0, 13.0, 12.0, 13.0, 18.0, 17.0, 17.666666666666668, 13.0, 13.0, 12.0, 18.0, 14.333333333333334, 12.0, 14.666666666666666, 13.666666666666666, 18.0, 15.333333333333334, 12.666666666666666, 14.666666666666666, 13.0, 15.666666666666666, 16.333333333333332, 13.666666666666666, 16.0, 18.0, 15.0, 15.333333333333334, 15.333333333333334]]]
