baseAlgorithms : ['Kmeans']
repeatBPgen : 1
maxClustSize : 1014
Coverage : 30
patType : pat
V : 103
clustPatDF.shape : (265, 103)
Kmin : 3
Kmax : 15
minAppar : 0
maxAppar : 2
Discriminativeness : 10
nbMaxMoreThan1 : 200
nbMaxLessThan1 : 200
nbMaxDiffThan1 : 400
idObj : 9

--- RESULTS ---

times : [4.11, 0.0, 11.14, 13.88, 254.9]
allClust : [[0, 1, 12, 13, 14, 16, 17, 18, 19, 40, 43, 45, 50, 55, 79, 87, 88, 96, 98, 106, 108, 112, 122, 134, 136, 139, 144, 160, 173, 174, 180, 186, 188, 189, 191, 193, 197, 199, 200, 204, 208, 211, 215, 216, 219, 221, 225, 229, 233, 238, 242, 252, 254, 258, 261, 262, 269, 279, 281, 283, 285, 290, 295, 304, 310, 311, 317, 318, 319, 320, 322, 323, 331, 333, 335, 350, 357, 363, 364, 368, 370, 371, 375, 392, 397, 402, 403, 414, 424, 426, 428, 431, 434, 435, 438, 449, 468, 476, 480, 483, 487, 489, 495, 496, 499, 500, 520, 524, 525, 536, 539, 542, 549, 553, 557, 564, 568, 571, 573, 579, 584, 586, 587, 591, 597, 616, 620, 647, 648, 656, 681, 684, 693, 694, 707, 720, 728, 731, 734, 737, 739, 742, 752, 755, 758, 759, 770, 780, 781, 789, 790, 793, 800, 803, 806, 818, 822, 824, 826, 838, 844, 848, 859, 861, 866, 875, 876, 877, 878, 891, 895, 897, 898, 901, 903, 906, 908, 912, 915, 916, 920, 926, 929, 934, 938, 939, 940, 945, 947, 958, 967, 973, 980, 994, 1004, 1007, 1008], [20, 21, 23, 24, 26, 28, 29, 34, 47, 51, 57, 59, 61, 63, 70, 72, 80, 82, 83, 86, 90, 99, 101, 105, 107, 113, 116, 124, 130, 131, 132, 135, 137, 146, 150, 151, 153, 157, 158, 165, 167, 168, 177, 182, 187, 192, 201, 205, 207, 212, 214, 218, 222, 226, 228, 246, 248, 251, 257, 264, 265, 271, 273, 274, 277, 282, 284, 291, 296, 298, 299, 303, 307, 308, 326, 330, 338, 342, 343, 345, 347, 354, 355, 358, 359, 360, 361, 377, 378, 382, 383, 384, 385, 387, 388, 389, 394, 400, 404, 406, 410, 425, 437, 444, 445, 446, 455, 456, 458, 459, 461, 471, 472, 473, 478, 488, 492, 494, 497, 505, 507, 508, 513, 514, 517, 519, 526, 529, 530, 532, 545, 550, 551, 554, 559, 561, 570, 576, 578, 583, 588, 590, 592, 594, 595, 598, 599, 607, 615, 618, 625, 628, 632, 636, 640, 644, 645, 649, 652, 653, 658, 660, 672, 676, 686, 691, 697, 699, 703, 706, 716, 721, 723, 725, 727, 730, 732, 738, 745, 757, 764, 767, 768, 769, 784, 785, 788, 791, 794, 795, 809, 811, 812, 821, 829, 830, 831, 832, 834, 840, 843, 845, 846, 849, 856, 863, 867, 873, 879, 888, 890, 894, 899, 911, 913, 918, 925, 930, 931, 943, 953, 957, 961, 963, 964, 965, 966, 969, 974, 979, 982, 985, 989, 990, 991, 993, 1001, 1003, 1005, 1012, 1013], [2, 3, 6, 7, 9, 39, 42, 46, 49, 54, 56, 58, 66, 68, 69, 73, 75, 76, 77, 78, 81, 85, 93, 100, 104, 109, 111, 114, 115, 119, 120, 121, 123, 128, 142, 147, 155, 156, 159, 161, 162, 164, 166, 169, 171, 178, 179, 184, 185, 198, 202, 203, 217, 224, 234, 235, 239, 245, 259, 260, 266, 267, 270, 280, 287, 297, 300, 301, 306, 309, 312, 316, 329, 336, 339, 340, 341, 346, 349, 351, 353, 362, 365, 372, 374, 376, 379, 381, 393, 398, 401, 415, 416, 417, 419, 421, 422, 427, 432, 433, 436, 439, 441, 451, 452, 453, 454, 457, 462, 465, 477, 481, 482, 485, 490, 501, 502, 504, 509, 518, 523, 535, 537, 541, 543, 546, 547, 552, 555, 558, 563, 567, 574, 575, 577, 581, 589, 604, 608, 613, 614, 617, 619, 621, 623, 629, 637, 639, 642, 654, 662, 664, 670, 671, 673, 677, 678, 679, 682, 683, 687, 690, 698, 709, 712, 719, 733, 735, 736, 740, 741, 747, 748, 751, 753, 761, 771, 772, 778, 779, 782, 792, 797, 798, 801, 804, 810, 816, 817, 820, 825, 827, 833, 835, 836, 839, 847, 850, 852, 857, 864, 870, 872, 874, 881, 885, 886, 892, 896, 900, 904, 909, 917, 922, 924, 927, 928, 932, 933, 935, 941, 952, 959, 962, 972, 976, 978, 984, 987, 988, 996, 997, 998, 1000, 1006, 1010, 1011], [8, 15, 25, 27, 33, 37, 44, 48, 52, 62, 64, 65, 67, 74, 89, 94, 95, 117, 138, 149, 183, 206, 213, 220, 227, 231, 250, 253, 255, 256, 276, 288, 292, 302, 313, 327, 334, 366, 390, 395, 396, 408, 413, 423, 429, 448, 450, 467, 470, 493, 510, 511, 516, 522, 531, 566, 569, 572, 580, 600, 611, 624, 631, 635, 638, 667, 675, 680, 695, 708, 711, 713, 715, 743, 744, 746, 754, 756, 760, 775, 786, 796, 802, 805, 819, 823, 837, 855, 865, 869, 871, 883, 905, 910, 914, 937, 954, 960, 968, 970, 983], [35, 53, 84, 95, 102, 127, 163, 176, 196, 230, 231, 247, 289, 321, 324, 405, 412, 491, 498, 515, 528, 593, 609, 622, 650, 688, 692, 702, 704, 705, 714, 717, 750, 814, 851, 858, 868, 880, 949, 971], [10, 38, 71, 91, 103, 110, 118, 129, 133, 152, 181, 194, 232, 236, 249, 286, 293, 337, 348, 352, 373, 386, 399, 407, 409, 411, 420, 430, 442, 463, 475, 521, 534, 548, 556, 606, 655, 659, 661, 663, 665, 685, 696, 726, 749, 763, 765, 773, 799, 808, 815, 828, 853, 882, 887, 893, 919, 923, 942, 951, 992], [22, 41, 60, 125, 126, 141, 154, 172, 190, 243, 268, 272, 314, 325, 356, 418, 443, 447, 460, 464, 469, 503, 506, 512, 527, 533, 540, 582, 596, 602, 610, 626, 630, 633, 641, 646, 666, 689, 700, 729, 766, 774, 776, 787, 813, 862, 889, 902, 907, 921, 944, 955, 975, 977, 1002, 1009], [30, 97, 143, 145, 148, 170, 241, 244, 263, 294, 367, 369, 440, 466, 479, 544, 562, 601, 634, 643, 669, 701, 710, 718, 724, 762, 777, 783, 792, 854, 936, 999]]
allClustLen : [197, 241, 237, 101, 40, 61, 56, 32]
descrNames : [[['InstDepth>3.0', 'HasIfInLoop', 'NbReturns<=1.0', 'NbTokens<=75.0'], ['582dcbc047b264a41a011f56f86574ba', 'InstDepth>3.0', 'HasIfInLoop', 'NbTokens<=75.0', 'NbLines<=10.0', 'NbParams<=1.0', 'HasForLoop'], ['f918da384abe3dbfb19a02f888cbf3b1', 'HasWhileLoop', 'InstDepth<=3.0', 'HasIfInLoop', 'NbReturns<=1.0', 'NbLines>10.0', 'NbVars>2.0', 'NbParams>1.0']], [['HasWhileLoop', 'InstDepth<=3.0', '392e69c90b63b832ef1b1489027c9c7f', 'HasIfInLoop', 'NbReturns<=1.0', 'NbParams>1.0'], ['HasWhileLoop', '392e69c90b63b832ef1b1489027c9c7f', 'HasIfInLoop', 'NbReturns<=1.0', 'NbTokens>75.0', 'NbParams>1.0'], ['HasWhileLoop', 'InstDepth<=3.0', '8c67b76032d571a8d7eca8796ed11752', 'NbReturns<=1.0', 'NbTokens<=75.0', 'NbLines<=10.0', 'NbVars<=2.0', 'HasLoop'], ['8c67b76032d571a8d7eca8796ed11752', 'HasIfInLoop', 'NbReturns<=1.0', 'NbTokens<=75.0', 'NbLines<=10.0', 'NbVars<=2.0', 'NbParams<=1.0'], ['HasWhileLoop', 'InstDepth<=3.0', '8c67b76032d571a8d7eca8796ed11752', 'HasIfInLoop', 'NbReturns<=1.0', 'NbTokens<=75.0', 'NbLines<=10.0', 'NbParams<=1.0']], [['HasIfElif', '3355182ef981952e841618c19103ef09', 'InstDepth<=3.0', 'NbTokens>75.0', 'NbParams>1.0'], ['HasIf', '0c9aa2cd6791f3c44ce75bb46fb0b625', 'InstDepth<=3.0', 'NbReturns<=1.0', 'NbParams<=1.0', 'HasLoop', 'HasForLoop'], ['0c9aa2cd6791f3c44ce75bb46fb0b625', 'InstDepth<=3.0', 'NbReturns<=1.0', 'NbTokens<=75.0', 'NbLines<=10.0', 'NbVars<=2.0', 'NbParams<=1.0', 'HasLoop', 'HasForLoop']], [['709a3600dc12d686d1c8f691a0af1e19', 'HasIfElifElse', 'InstDepth<=3.0', 'NbReturns<=1.0', 'NbTokens>75.0', 'NbLines>10.0', 'NbVars<=2.0', 'NbParams<=1.0']], [['4c3cff428b26be2b1464a3c9ee78c7cf', 'HasIfElifElse', 'InstDepth>3.0', 'NbReturns<=1.0', 'NbTokens>75.0', 'NbLines>10.0', 'NbVars<=2.0', 'NbParams>1.0'], ['4c3cff428b26be2b1464a3c9ee78c7cf', 'HasIfElifElse', 'NbReturns<=1.0', 'NbTokens>75.0', 'PassedTestCases', 'NbLines>10.0', 'NbVars<=2.0', 'NbParams>1.0']], [['HasIf', '4c3cff428b26be2b1464a3c9ee78c7cf', 'InstDepth<=3.0', 'NbReturns<=1.0', 'NbTokens<=75.0', 'userdId_34', 'NbLines<=10.0', 'NbVars<=2.0', 'NbParams>1.0'], ['4c3cff428b26be2b1464a3c9ee78c7cf', 'HasIfElifElse', 'InstDepth<=3.0', 'NbTokens<=75.0', 'NbLines<=10.0', 'NbVars<=2.0', 'NbParams>1.0'], ['4c3cff428b26be2b1464a3c9ee78c7cf', 'HasIfElifElse', 'InstDepth<=3.0', 'NbReturns>1.0', 'userdId_1', 'NbVars<=2.0', 'NbParams>1.0']], [['InstDepth<=3.0', 'HasIfInLoop', 'NbReturns<=1.0', 'NbTokens<=75.0', 'NbLines<=10.0', 'NbVars<=2.0', 'HasForLoop'], ['582dcbc047b264a41a011f56f86574ba', 'InstDepth<=3.0', 'HasIfInLoop', 'NbReturns<=1.0', 'NbTokens<=75.0', 'NbLines<=10.0', 'NbParams<=1.0', 'HasForLoop'], ['4c3cff428b26be2b1464a3c9ee78c7cf', 'InstDepth<=3.0', 'HasIfInLoop', 'NbReturns<=1.0', 'NbTokens>75.0', 'NbLines<=10.0', 'userdId_23', 'NbVars<=2.0', 'NbParams>1.0', 'HasForLoop']], [['HasIf', '709a3600dc12d686d1c8f691a0af1e19', 'InstDepth<=3.0', 'HasNestedIfs', 'NbReturns<=1.0', 'NbTokens>75.0', 'NbLines>10.0', 'NbVars<=2.0', 'NbParams<=1.0', 'userdId_13']]]
descrPatIds : [[118, 139, 101], [72, 73, 141, 78, 81], [146, 147, 148], [91], [174, 195], [216, 217, 218], [191, 192, 193], [171]]
descrTagsIds : [['[65, 70, 73, 75, 80, 62]', '[65, 5, 70, 73, 80, 56, 60, 62, 63]', '[0, 64, 65, 69, 73, 75, 57, 59, 61, 62]'], ['[64, 65, 69, 6, 73, 75, 61, 62]', '[64, 65, 6, 73, 75, 81, 61, 62]', '[64, 69, 7, 75, 80, 56, 58, 62]', '[65, 7, 73, 75, 80, 56, 58, 60, 62]', '[64, 65, 69, 7, 73, 75, 80, 56, 60, 62]'], ['[65, 67, 3, 69, 81, 61]', '[65, 1, 69, 75, 60, 62, 63]', '[1, 69, 75, 80, 56, 58, 60, 62, 63]'], ['[65, 2, 66, 67, 68, 69, 75, 81, 57, 58, 60]'], ['[65, 66, 67, 4, 68, 70, 75, 81, 57, 58, 61]', '[65, 66, 67, 4, 68, 75, 81, 82, 57, 58, 61]'], ['[65, 4, 69, 75, 80, 17, 56, 58, 61]', '[65, 66, 67, 4, 68, 69, 80, 56, 58, 61]', '[65, 66, 67, 4, 68, 69, 76, 24, 58, 61]'], ['[65, 69, 73, 75, 80, 56, 58, 62, 63]', '[65, 5, 69, 73, 75, 80, 56, 60, 62, 63]', '[65, 4, 69, 73, 75, 81, 56, 25, 58, 61, 62, 63]'], ['[65, 2, 69, 72, 75, 81, 57, 58, 60, 31]']]
nbNotAttrib : 52
nbMultiAttrib : 3
nbOfClusterForEachInstance : [1 1 1 ... 1 1 1]
---- : ----
PCRs : [(0.32, 0.02), (0.34, 0.04), (0.33, 0.03), (0.72, 0.0), (0.34, 0.01), (0.36, 0.02), (0.4, 0.1), (0.56, 0.0)]
DCs : [0.69, 0.91, 0.74, 0.72, 0.57, 0.74, 0.95, 0.56]
IPSs : [(0.99, 0.01), (0.99, 0.0), (0.99, 0.01), (1.0, 0.0), (1.0, 0.0), (1.0, 0.0), (0.98, 0.01), (1.0, 0.0)]
SINGs : [(1.0, 0.0), (1.0, 0.0), (1.0, 0.0), (1.0, 0.0), (1.0, 0.0), (1.0, 0.0), (1.0, 0.0), (1.0, 0.0)]
IPCs : [(0.99, 0.0), (1.0, 0.0), (1.0, 0.0), (0.99, 0.0), (1.0, 0.0), (0.99, 0.01), (0.99, 0.01), (0.99, 0.0)]
patPCRs : [[0.3096446700507614, 0.30456852791878175, 0.3553299492385787], [0.33195020746887965, 0.3360995850622407, 0.3070539419087137, 0.3112033195020747, 0.4066390041493776], [0.3080168776371308, 0.31223628691983124, 0.3670886075949367], [0.7227722772277227], [0.35, 0.325], [0.32786885245901637, 0.3770491803278688, 0.36065573770491804], [0.30357142857142855, 0.35714285714285715, 0.5357142857142857], [0.5625]]
patDCs : []
patIPSs : [[0.988984088127295, 0.996328029375765, 0.981640146878825], [0.9948253557567918, 0.9987063389391979, 0.9883570504527813, 0.9909443725743855, 0.9961190168175937], [0.9845559845559846, 0.9961389961389961, 0.9987129987129987], [0.9967141292442497], [1.0, 1.0], [0.993704092339979, 0.9926547743966422, 1.0], [0.9676409185803758, 0.9822546972860126, 0.9989561586638831], [0.9979633401221996]]
patSINGs : [[1.0, 1.0, 1.0], [1.0, 1.0, 1.0, 1.0, 1.0], [1.0, 1.0, 1.0], [1.0], [1.0, 1.0], [1.0, 1.0, 1.0], [1.0, 1.0, 1.0], [1.0]]
patIPCs : [[0.9932996019984757, 0.9968562113642137, 0.9909584086799276], [0.9972217377601943, 0.9993972272453285, 0.9943302643938768, 0.9933427814356481, 0.9980692913289457], [0.9992748368382885, 1.0, 1.0], [0.9892857142857142], [1.0, 1.0], [0.9872785189010899, 0.9863406748838149, 1.0], [0.9818029206439264, 0.9893241539512365, 1.0], [0.9928571428571429]]
Optional results : []
