baseAlgorithms : ['Kmeans']
repeatBPgen : 1
maxClustSize : 1014
Coverage : 50
patType : tag
V : 104
clustPatDF.shape : (34, 104)
Kmin : 3
Kmax : 15
minAppar : 0
maxAppar : 2
Discriminativeness : 10
nbMaxMoreThan1 : 200
nbMaxLessThan1 : 200
nbMaxDiffThan1 : 400
idObj : 9

--- RESULTS ---

times : [0.0, 0.0, 0.24, 1.92, 348.97]
allClust : [[4, 5, 8, 15, 25, 27, 30, 31, 33, 35, 37, 44, 48, 52, 53, 62, 64, 65, 67, 74, 84, 89, 94, 95, 102, 127, 138, 143, 145, 148, 149, 163, 176, 183, 196, 206, 213, 220, 227, 230, 231, 241, 244, 247, 248, 250, 253, 255, 256, 263, 272, 276, 288, 289, 292, 294, 313, 321, 324, 327, 334, 344, 366, 367, 369, 390, 395, 396, 405, 408, 412, 413, 423, 429, 448, 450, 466, 467, 474, 484, 491, 493, 498, 510, 511, 515, 516, 522, 528, 538, 544, 562, 566, 569, 572, 580, 593, 600, 601, 605, 609, 611, 622, 624, 627, 631, 634, 635, 638, 643, 650, 651, 667, 668, 669, 675, 680, 688, 692, 695, 701, 702, 704, 705, 708, 710, 711, 713, 714, 715, 717, 722, 724, 743, 744, 746, 750, 754, 760, 762, 783, 796, 802, 805, 814, 823, 837, 842, 851, 854, 855, 858, 865, 868, 880, 883, 910, 914, 937, 946, 949, 954, 960, 968, 971], [0, 1, 12, 13, 14, 16, 17, 18, 19, 40, 43, 45, 50, 55, 79, 87, 88, 96, 98, 106, 108, 112, 122, 134, 136, 139, 144, 160, 173, 174, 180, 186, 188, 189, 191, 193, 197, 199, 200, 204, 208, 211, 215, 216, 219, 221, 225, 229, 233, 238, 242, 252, 254, 258, 261, 262, 269, 279, 281, 283, 285, 290, 295, 304, 310, 311, 317, 318, 319, 320, 322, 323, 331, 333, 335, 350, 357, 363, 364, 368, 370, 371, 375, 392, 397, 402, 403, 414, 424, 426, 428, 431, 434, 435, 438, 449, 468, 476, 480, 483, 487, 489, 495, 496, 499, 500, 520, 524, 525, 536, 539, 542, 549, 553, 557, 564, 568, 571, 573, 579, 584, 586, 587, 591, 597, 616, 620, 647, 648, 656, 681, 684, 693, 694, 707, 720, 728, 731, 734, 737, 739, 742, 752, 755, 758, 759, 770, 780, 781, 789, 790, 793, 800, 803, 806, 818, 822, 824, 826, 838, 844, 848, 859, 861, 866, 875, 876, 877, 878, 891, 895, 897, 898, 901, 903, 906, 908, 912, 915, 916, 920, 926, 929, 934, 938, 939, 940, 945, 947, 958, 967, 973, 980, 994, 1004, 1007, 1008], [20, 21, 23, 24, 26, 28, 29, 34, 47, 51, 57, 59, 61, 63, 70, 72, 80, 82, 83, 86, 90, 99, 101, 105, 107, 113, 116, 124, 130, 131, 132, 135, 137, 146, 150, 151, 153, 157, 158, 165, 167, 168, 177, 182, 187, 192, 201, 205, 207, 212, 214, 218, 222, 226, 228, 246, 248, 251, 257, 264, 265, 271, 273, 274, 277, 282, 284, 291, 296, 298, 299, 303, 307, 308, 326, 330, 338, 342, 343, 345, 347, 354, 355, 358, 359, 360, 361, 377, 378, 382, 383, 384, 385, 387, 388, 389, 394, 400, 404, 406, 410, 425, 437, 444, 445, 446, 455, 456, 458, 459, 461, 471, 472, 473, 478, 488, 492, 494, 497, 505, 507, 508, 513, 514, 517, 519, 526, 529, 530, 532, 545, 550, 551, 554, 559, 561, 570, 576, 578, 583, 588, 590, 592, 594, 595, 598, 599, 607, 615, 618, 625, 628, 632, 636, 640, 644, 645, 649, 652, 653, 658, 660, 672, 676, 686, 691, 697, 699, 703, 706, 716, 721, 723, 725, 727, 730, 732, 738, 745, 757, 764, 767, 768, 769, 784, 785, 788, 791, 794, 795, 809, 811, 812, 821, 829, 830, 831, 832, 834, 840, 843, 845, 846, 849, 856, 863, 867, 873, 879, 888, 890, 894, 899, 911, 913, 918, 925, 930, 931, 943, 953, 957, 961, 963, 964, 965, 966, 969, 974, 979, 982, 985, 989, 990, 991, 993, 1001, 1003, 1005, 1012, 1013], [22, 41, 60, 125, 126, 141, 154, 172, 190, 243, 268, 272, 314, 325, 356, 402, 418, 443, 447, 460, 464, 469, 503, 506, 512, 527, 533, 540, 565, 582, 596, 602, 610, 626, 630, 633, 641, 646, 666, 689, 700, 729, 766, 774, 776, 787, 813, 862, 889, 902, 907, 921, 944, 955, 975, 977, 1002, 1009], [9, 36, 39, 46, 66, 78, 81, 92, 114, 119, 121, 123, 140, 156, 161, 162, 179, 184, 185, 217, 224, 235, 240, 266, 275, 278, 297, 309, 315, 328, 374, 376, 379, 391, 393, 398, 401, 416, 417, 419, 433, 439, 468, 477, 482, 490, 502, 555, 575, 581, 585, 589, 603, 608, 617, 621, 642, 654, 678, 683, 687, 709, 719, 748, 751, 753, 761, 778, 782, 804, 810, 816, 833, 835, 836, 847, 870, 881, 884, 896, 922, 924, 948, 950, 956, 962, 972, 981, 1000, 1011], [2, 3, 7, 32, 42, 54, 56, 58, 68, 69, 73, 75, 76, 85, 93, 100, 109, 111, 115, 128, 142, 147, 159, 164, 169, 171, 198, 202, 234, 245, 259, 267, 270, 280, 287, 300, 306, 312, 336, 339, 340, 346, 351, 362, 365, 372, 373, 381, 421, 427, 441, 452, 453, 454, 457, 465, 481, 485, 501, 518, 523, 537, 543, 546, 552, 558, 560, 563, 577, 604, 613, 614, 617, 629, 637, 639, 662, 664, 673, 677, 679, 690, 698, 712, 733, 736, 740, 747, 772, 797, 798, 801, 820, 825, 827, 850, 852, 857, 864, 874, 885, 886, 904, 927, 932, 933, 935, 941, 976, 978, 984, 988, 996, 997, 998, 1010]]
allClustLen : [165, 197, 241, 58, 90, 116]
descrNames : [[['709a3600dc12d686d1c8f691a0af1e19']], [['f918da384abe3dbfb19a02f888cbf3b1']], [['8c67b76032d571a8d7eca8796ed11752']], [['userdId_23']], [['3355182ef981952e841618c19103ef09']], [['0c9aa2cd6791f3c44ce75bb46fb0b625']]]
descrPatIds : [[15], [19], [14], [25], [29], [26]]
descrTagsIds : [['[2]'], ['[0]'], ['[7]'], ['[25]'], ['[3]'], ['[1]']]
nbNotAttrib : 152
nbMultiAttrib : 5
nbOfClusterForEachInstance : [1 1 1 ... 1 1 1]
---- : ----
PCRs : [(0.74, 0.0), (0.51, 0.0), (0.54, 0.0), (0.74, 0.0), (0.84, 0.0), (0.93, 0.0)]
DCs : [0.74, 0.51, 0.54, 0.74, 0.84, 0.93]
IPSs : [(0.96, 0.0), (0.97, 0.0), (0.98, 0.0), (0.99, 0.0), (0.96, 0.0), (1.0, 0.0)]
SINGs : [(1.0, 0.0), (1.0, 0.0), (1.0, 0.0), (1.0, 0.0), (1.0, 0.0), (1.0, 0.0)]
IPCs : [(0.99, 0.0), (0.99, 0.0), (0.97, 0.0), (0.99, 0.0), (0.99, 0.0), (1.0, 0.0)]
patPCRs : [[0.7393939393939394], [0.5076142131979695], [0.5435684647302904], [0.7413793103448276], [0.8444444444444444], [0.9310344827586207]]
patDCs : []
patIPSs : [[0.9552414605418139], [0.9694002447980417], [0.9805950840879689], [0.9947698744769875], [0.9556277056277056], [0.9955456570155902]]
patSINGs : [[1.0], [1.0], [1.0], [1.0], [1.0], [1.0]]
patIPCs : [[0.9922990450629168], [0.9943295019157088], [0.9747079052382747], [0.9917754884660022], [0.9871303088649492], [0.9977777777777778]]
Optional results : []
