baseAlgorithms : ['Kmeans']
repeatBPgen : 1
maxClustSize : 1014
Coverage : 70
patType : pat
V : 96
clustPatDF.shape : (85, 96)
Kmin : 2
Kmax : 15
minAppar : 0
maxAppar : 2
Discriminativeness : 50
nbMaxMoreThan1 : 200
nbMaxLessThan1 : 200
nbMaxDiffThan1 : 400
idObj : 9

--- RESULTS ---

times : [0.0, 0.0, 1.58, 4.13, 87.6]
allClust : [[4, 5, 8, 11, 15, 25, 27, 31, 33, 37, 44, 48, 52, 62, 64, 65, 67, 74, 89, 94, 117, 138, 149, 183, 206, 209, 213, 220, 227, 237, 250, 253, 256, 276, 288, 292, 302, 305, 313, 327, 332, 334, 344, 366, 390, 395, 396, 408, 413, 423, 429, 448, 450, 467, 470, 493, 510, 511, 516, 522, 531, 538, 566, 569, 572, 580, 600, 605, 611, 624, 627, 631, 635, 638, 651, 667, 668, 674, 675, 680, 695, 708, 711, 713, 715, 743, 744, 746, 754, 756, 760, 775, 786, 796, 802, 805, 807, 819, 837, 855, 865, 869, 871, 883, 905, 910, 914, 946, 954, 960, 968, 970, 983, 986, 995], [35, 53, 84, 95, 102, 127, 163, 176, 196, 230, 231, 247, 289, 321, 324, 405, 412, 491, 498, 515, 528, 593, 609, 622, 650, 688, 692, 702, 704, 705, 714, 717, 750, 814, 851, 858, 868, 880, 949, 971], [14, 20, 21, 24, 29, 47, 61, 63, 70, 80, 82, 83, 99, 107, 124, 130, 131, 132, 137, 153, 157, 158, 165, 167, 187, 192, 205, 207, 214, 218, 222, 226, 228, 254, 264, 265, 273, 274, 281, 282, 299, 303, 307, 326, 330, 341, 343, 345, 354, 355, 358, 383, 384, 400, 406, 410, 425, 437, 444, 445, 446, 458, 459, 471, 472, 473, 478, 488, 507, 517, 520, 526, 545, 546, 550, 551, 554, 559, 561, 570, 571, 576, 583, 590, 592, 598, 604, 607, 615, 628, 632, 636, 640, 644, 645, 662, 672, 697, 699, 703, 706, 716, 725, 727, 738, 757, 767, 785, 791, 795, 809, 812, 821, 829, 831, 832, 838, 843, 845, 846, 849, 873, 879, 899, 918, 925, 930, 931, 934, 957, 961, 963, 965, 974, 985, 990, 993, 1003, 1004, 1005, 1012, 1013], [22, 41, 60, 125, 126, 135, 141, 154, 172, 190, 243, 268, 272, 314, 325, 356, 402, 418, 443, 447, 460, 464, 469, 503, 506, 512, 527, 533, 540, 565, 582, 596, 602, 610, 626, 630, 633, 641, 646, 666, 689, 700, 729, 766, 774, 776, 787, 813, 862, 889, 902, 907, 921, 944, 955, 975, 977, 1002, 1009], [23, 26, 28, 34, 51, 57, 59, 72, 86, 90, 101, 105, 113, 116, 146, 150, 151, 168, 177, 182, 201, 212, 246, 251, 257, 271, 277, 291, 296, 298, 308, 338, 342, 347, 359, 360, 361, 377, 378, 382, 385, 387, 388, 389, 394, 404, 455, 456, 461, 492, 494, 497, 505, 508, 513, 514, 519, 529, 530, 532, 578, 579, 588, 594, 595, 599, 618, 625, 649, 652, 653, 658, 660, 676, 686, 691, 721, 723, 730, 732, 745, 764, 768, 769, 784, 788, 794, 811, 830, 834, 840, 856, 863, 867, 888, 890, 894, 911, 913, 943, 953, 964, 966, 969, 979, 982, 989, 991, 1001], [2, 3, 7, 32, 42, 54, 56, 58, 68, 69, 73, 75, 76, 85, 93, 100, 109, 111, 115, 128, 142, 147, 159, 164, 169, 171, 198, 202, 245, 259, 267, 270, 280, 287, 300, 306, 312, 336, 339, 340, 346, 351, 362, 365, 372, 381, 427, 441, 452, 453, 454, 457, 465, 485, 518, 523, 537, 543, 546, 552, 558, 560, 563, 577, 604, 613, 614, 629, 637, 639, 662, 664, 673, 677, 679, 690, 698, 712, 733, 736, 740, 747, 772, 797, 798, 801, 820, 825, 827, 850, 852, 857, 864, 874, 885, 886, 904, 927, 932, 933, 935, 941, 976, 978, 984, 988, 996, 997, 998, 1010], [0, 13, 18, 40, 50, 77, 87, 106, 124, 134, 136, 144, 157, 166, 175, 180, 195, 204, 219, 225, 233, 260, 261, 262, 279, 283, 290, 295, 301, 303, 310, 316, 317, 320, 322, 331, 349, 350, 354, 364, 371, 397, 422, 424, 426, 431, 434, 481, 487, 495, 496, 501, 504, 535, 536, 541, 547, 564, 567, 574, 623, 656, 670, 671, 682, 684, 694, 728, 734, 739, 742, 752, 770, 780, 781, 793, 795, 800, 803, 817, 818, 826, 839, 844, 848, 849, 875, 878, 891, 892, 900, 906, 920, 926, 929, 938, 947, 973, 980, 987, 1008], [10, 71, 103, 110, 129, 152, 181, 232, 236, 248, 249, 286, 293, 337, 386, 399, 407, 420, 442, 534, 548, 661, 663, 665, 696, 726, 749, 763, 773, 799, 808, 815, 828, 853, 882, 893, 919, 923], [30, 97, 143, 145, 148, 170, 241, 244, 263, 294, 367, 369, 440, 466, 479, 544, 562, 601, 634, 643, 669, 701, 710, 718, 724, 762, 777, 783, 792, 854, 936, 999], [9, 39, 46, 66, 78, 81, 98, 114, 119, 121, 123, 156, 161, 162, 184, 217, 224, 235, 266, 297, 309, 374, 376, 393, 401, 416, 417, 419, 433, 439, 468, 477, 482, 490, 502, 555, 575, 581, 608, 621, 642, 654, 678, 683, 687, 719, 748, 751, 753, 761, 778, 782, 804, 810, 816, 833, 835, 836, 847, 870, 881, 896, 908, 922, 924, 962, 972, 981, 1000, 1011], [6, 36, 49, 92, 94, 104, 120, 140, 155, 178, 179, 185, 209, 210, 223, 237, 239, 240, 275, 278, 305, 315, 328, 329, 332, 379, 380, 391, 398, 415, 451, 462, 486, 509, 585, 589, 603, 612, 619, 620, 657, 674, 709, 735, 741, 771, 855, 872, 909, 910, 917, 948, 950, 952, 956, 959, 986, 1006], [38, 91, 118, 133, 194, 348, 352, 409, 411, 430, 463, 475, 521, 556, 606, 655, 659, 685, 765, 887, 942, 951, 992]]
allClustLen : [115, 40, 142, 59, 109, 110, 101, 38, 32, 70, 58, 23]
descrNames : [[['709a3600dc12d686d1c8f691a0af1e19', 'HasIfElifElse', 'InstDepth<=3.0', 'NbReturns<=1.0', 'NbTokens>75.0', 'NbLines>10.0', 'NbParams<=1.0']], [['HasIfElif', '4c3cff428b26be2b1464a3c9ee78c7cf', 'NbReturns<=1.0', 'NbParams>1.0']], [['HasWhileLoop', 'HasIf', '392e69c90b63b832ef1b1489027c9c7f', 'NbReturns<=1.0', 'NbParams>1.0', 'HasLoop']], [['InstDepth<=3.0', 'HasIfInLoop', 'NbReturns<=1.0', 'NbLines<=10.0', 'NbVars<=2.0', 'HasForLoop'], ['InstDepth<=3.0', 'HasIfInLoop', 'NbReturns<=1.0', 'NbLines<=10.0', 'userdId_23', 'HasForLoop']], [['HasWhileLoop', 'InstDepth<=3.0', '8c67b76032d571a8d7eca8796ed11752', 'HasIfInLoop', 'NbReturns<=1.0', 'NbTokens<=75.0', 'NbLines<=10.0', 'NbParams<=1.0']], [['0c9aa2cd6791f3c44ce75bb46fb0b625', 'InstDepth<=3.0', 'NbReturns<=1.0', 'NbTokens<=75.0', 'NbLines<=10.0', 'NbVars<=2.0', 'NbParams<=1.0', 'HasLoop', 'HasForLoop']], [['HasIf', 'InstDepth<=3.0', 'NbReturns<=1.0', 'NbLines>10.0', 'NbParams>1.0'], ['f918da384abe3dbfb19a02f888cbf3b1', 'HasWhileLoop', 'InstDepth<=3.0', 'HasIfInLoop', 'NbReturns<=1.0', 'NbParams>1.0'], ['f918da384abe3dbfb19a02f888cbf3b1', 'HasWhileLoop', 'HasIfInLoop', 'NbReturns<=1.0', 'NbLines>10.0', 'NbVars>2.0', 'NbParams>1.0']], [['HasIf', '4c3cff428b26be2b1464a3c9ee78c7cf', 'InstDepth<=3.0', 'NbReturns<=1.0', 'NbTokens<=75.0', 'NbLines<=10.0', 'NbVars<=2.0', 'NbParams>1.0']], [['HasIf', '709a3600dc12d686d1c8f691a0af1e19', 'InstDepth<=3.0', 'HasNestedIfs', 'NbReturns<=1.0', 'NbTokens>75.0', 'NbLines>10.0', 'NbVars<=2.0', 'NbParams<=1.0']], [['HasIf', '3355182ef981952e841618c19103ef09', 'InstDepth<=3.0', 'HasImport', 'NbTokens>75.0', 'NbLines>10.0', 'NbParams>1.0'], ['HasIfElif', '3355182ef981952e841618c19103ef09', 'InstDepth<=3.0', 'HasImport', 'NbTokens>75.0', 'NbParams>1.0']], [['HasIf', '3355182ef981952e841618c19103ef09', 'InstDepth<=3.0', 'NbLines<=10.0', 'NbParams>1.0']], [['4c3cff428b26be2b1464a3c9ee78c7cf', 'HasIfElifElse', 'InstDepth<=3.0', 'NbReturns>1.0', 'userdId_1', 'NbVars<=2.0', 'NbParams>1.0']]]
descrPatIds : [[30], [47], [42], [44, 46], [43], [68], [72, 74, 54], [77], [79], [80, 81], [82], [84]]
descrTagsIds : [['[65, 2, 66, 67, 68, 69, 75, 81, 57, 60]'], ['[65, 67, 4, 75, 61]'], ['[64, 65, 6, 75, 61, 62]'], ['[65, 69, 73, 75, 56, 58, 62, 63]', '[65, 69, 73, 75, 56, 25, 62, 63]'], ['[64, 65, 69, 7, 73, 75, 80, 56, 60, 62]'], ['[1, 69, 75, 80, 56, 58, 60, 62, 63]'], ['[65, 69, 75, 57, 61]', '[0, 65, 64, 69, 73, 75, 61, 62]', '[0, 64, 65, 73, 75, 57, 59, 61, 62]'], ['[65, 4, 69, 75, 80, 56, 58, 61]'], ['[65, 2, 69, 72, 75, 81, 57, 58, 60]'], ['[65, 3, 69, 79, 81, 57, 61]', '[65, 67, 3, 69, 79, 81, 61]'], ['[65, 3, 69, 56, 61]'], ['[65, 66, 67, 4, 68, 69, 76, 24, 58, 61]']]
nbNotAttrib : 135
nbMultiAttrib : 18
nbOfClusterForEachInstance : [1 0 1 ... 1 1 1]
---- : ----
PCRs : [(0.74, 0.0), (0.72, 0.0), (0.7, 0.0), (0.8, 0.05), (0.79, 0.0), (0.79, 0.0), (0.74, 0.02), (0.76, 0.0), (0.75, 0.0), (0.73, 0.01), (0.71, 0.0), (0.91, 0.0)]
DCs : [0.74, 0.72, 0.7, 0.92, 0.79, 0.79, 0.86, 0.76, 0.75, 0.77, 0.71, 0.91]
IPSs : [(1.0, 0.0), (0.96, 0.0), (1.0, 0.0), (0.98, 0.01), (0.98, 0.0), (1.0, 0.0), (0.94, 0.05), (0.99, 0.0), (0.99, 0.0), (1.0, 0.0), (0.99, 0.0), (1.0, 0.0)]
SINGs : [(1.0, 0.0), (1.0, 0.0), (1.0, 0.0), (1.0, 0.0), (1.0, 0.0), (1.0, 0.0), (1.0, 0.0), (1.0, 0.0), (1.0, 0.0), (1.0, 0.0), (1.0, 0.0), (1.0, 0.0)]
IPCs : [(0.99, 0.0), (0.95, 0.0), (0.99, 0.0), (0.99, 0.01), (0.99, 0.0), (1.0, 0.0), (0.96, 0.05), (0.99, 0.0), (0.99, 0.0), (1.0, 0.0), (0.99, 0.0), (1.0, 0.0)]
patPCRs : [[0.7391304347826086], [0.725], [0.704225352112676], [0.847457627118644, 0.7457627118644068], [0.7889908256880734], [0.7909090909090909], [0.7029702970297029, 0.7425742574257426, 0.7623762376237624], [0.7631578947368421], [0.75], [0.7142857142857143, 0.7428571428571429], [0.7068965517241379], [0.9130434782608695]]
patDCs : []
patIPSs : [[0.996662958843159], [0.9630390143737166], [0.9954128440366973], [0.9696335078534032, 0.9989528795811519], [0.9834254143646409], [0.9988938053097345], [0.8652792990142388, 0.9759036144578314, 0.9704271631982475], [0.9866803278688525], [0.9877800407331976], [1.0, 1.0], [0.9895397489539749], [0.9989909182643795]]
patSINGs : [[1.0], [1.0], [1.0], [1.0, 1.0], [1.0], [1.0], [1.0, 1.0, 1.0], [1.0], [1.0], [1.0, 1.0], [1.0], [1.0]]
patIPCs : [[0.9931818181818183], [0.9456592804886991], [0.9948051948051948], [0.9805428294902309, 0.9984326018808777], [0.985479574114353], [1.0], [0.8812105450504654, 0.9980793854033291, 0.997439180537772], [0.9862279761505998], [0.9875494071146246], [1.0, 1.0], [0.9897284533648171], [0.9976076555023923]]
Optional results : []
