baseAlgorithms : ['Kmeans']
repeatBPgen : 1
maxClustSize : 1014
Coverage : 50
patType : pat
V : 99
clustPatDF.shape : (164, 99)
Kmin : 2
Kmax : 15
minAppar : 0
maxAppar : 2
Discriminativeness : 30
nbMaxMoreThan1 : 200
nbMaxLessThan1 : 200
nbMaxDiffThan1 : 400
idObj : 9

--- RESULTS ---

times : [0.0, 0.0, 3.96, 8.49, 150.04]
allClust : [[0, 1, 2, 3, 7, 9, 12, 13, 14, 16, 17, 18, 19, 20, 21, 23, 24, 26, 28, 29, 34, 39, 40, 43, 45, 46, 47, 50, 51, 55, 57, 59, 61, 63, 70, 72, 77, 78, 79, 80, 81, 82, 83, 86, 87, 88, 90, 93, 96, 98, 99, 101, 105, 106, 107, 108, 109, 112, 113, 114, 116, 117, 121, 122, 124, 130, 131, 132, 134, 135, 136, 137, 139, 142, 144, 146, 147, 150, 151, 153, 157, 158, 160, 165, 166, 167, 168, 173, 174, 177, 180, 182, 186, 187, 188, 189, 191, 192, 193, 197, 199, 200, 201, 204, 205, 207, 208, 211, 212, 214, 215, 216, 217, 218, 219, 221, 222, 225, 226, 228, 229, 233, 235, 238, 242, 246, 251, 252, 254, 257, 258, 259, 260, 261, 262, 264, 265, 266, 269, 271, 273, 274, 277, 279, 281, 282, 283, 284, 285, 290, 291, 295, 296, 298, 299, 301, 302, 303, 304, 307, 308, 309, 310, 311, 316, 317, 318, 319, 320, 322, 323, 326, 330, 331, 333, 335, 338, 341, 342, 343, 345, 346, 347, 349, 350, 354, 355, 357, 358, 359, 360, 361, 363, 364, 365, 368, 370, 371, 375, 376, 377, 378, 381, 382, 383, 384, 385, 387, 388, 389, 392, 394, 397, 400, 401, 402, 403, 404, 406, 410, 414, 417, 421, 424, 425, 426, 428, 431, 434, 435, 437, 438, 439, 444, 445, 446, 449, 455, 456, 458, 459, 461, 468, 470, 471, 472, 473, 476, 478, 480, 481, 482, 483, 487, 488, 489, 492, 494, 495, 496, 497, 499, 500, 501, 504, 505, 507, 508, 513, 514, 517, 519, 520, 524, 525, 526, 529, 530, 531, 532, 535, 536, 539, 541, 542, 543, 545, 547, 549, 550, 551, 552, 553, 554, 555, 557, 559, 561, 564, 567, 568, 570, 571, 573, 574, 575, 576, 578, 579, 581, 583, 584, 586, 587, 588, 590, 591, 592, 594, 595, 597, 598, 599, 607, 615, 616, 618, 620, 621, 623, 625, 628, 632, 636, 639, 640, 642, 644, 645, 647, 648, 649, 652, 653, 656, 658, 660, 670, 671, 672, 676, 678, 681, 682, 683, 684, 686, 687, 690, 691, 693, 694, 697, 699, 703, 706, 707, 716, 720, 721, 723, 725, 727, 728, 730, 731, 732, 734, 736, 737, 738, 739, 740, 742, 745, 747, 751, 752, 755, 756, 757, 758, 759, 761, 764, 767, 768, 769, 770, 778, 780, 781, 782, 784, 785, 786, 788, 789, 790, 791, 793, 794, 795, 797, 800, 801, 803, 806, 809, 810, 811, 812, 817, 818, 821, 822, 824, 826, 829, 830, 831, 832, 833, 834, 836, 838, 839, 840, 843, 844, 845, 846, 848, 849, 856, 859, 861, 863, 866, 867, 869, 875, 876, 877, 878, 879, 888, 890, 891, 892, 894, 895, 897, 898, 899, 900, 901, 903, 905, 906, 908, 911, 912, 913, 915, 916, 918, 920, 922, 924, 925, 926, 927, 929, 930, 931, 932, 934, 938, 939, 940, 943, 945, 947, 953, 957, 958, 961, 962, 963, 964, 965, 966, 967, 969, 970, 972, 973, 974, 979, 980, 982, 983, 985, 987, 989, 990, 991, 993, 994, 998, 1001, 1003, 1004, 1005, 1007, 1008, 1012, 1013], [4, 5, 6, 8, 10, 11, 15, 22, 25, 27, 30, 31, 32, 33, 35, 36, 37, 38, 41, 42, 44, 48, 49, 52, 53, 54, 56, 58, 60, 62, 64, 65, 66, 67, 68, 69, 71, 73, 74, 75, 76, 84, 85, 89, 91, 92, 94, 95, 97, 100, 102, 103, 104, 110, 111, 115, 118, 119, 120, 123, 125, 126, 127, 128, 129, 133, 138, 140, 141, 143, 145, 148, 149, 152, 154, 155, 156, 159, 161, 162, 163, 164, 169, 170, 171, 172, 175, 176, 178, 179, 181, 183, 184, 185, 190, 194, 195, 196, 198, 202, 203, 206, 209, 210, 213, 220, 223, 224, 227, 230, 231, 232, 234, 236, 237, 239, 240, 241, 243, 244, 245, 247, 248, 249, 250, 253, 255, 256, 263, 267, 268, 270, 272, 275, 276, 278, 280, 286, 287, 288, 289, 292, 293, 294, 297, 300, 305, 306, 312, 313, 314, 315, 321, 324, 325, 327, 328, 329, 332, 334, 336, 337, 339, 340, 344, 348, 351, 352, 353, 356, 362, 366, 367, 369, 372, 373, 374, 379, 380, 386, 390, 391, 393, 395, 396, 398, 399, 405, 407, 408, 409, 411, 412, 413, 415, 416, 418, 419, 420, 422, 423, 427, 429, 430, 432, 433, 436, 440, 441, 442, 443, 447, 448, 450, 451, 452, 453, 454, 457, 460, 462, 463, 464, 465, 466, 467, 469, 474, 475, 477, 479, 484, 485, 486, 490, 491, 493, 498, 502, 503, 506, 509, 510, 511, 512, 515, 516, 518, 521, 522, 523, 527, 528, 533, 534, 537, 538, 540, 544, 546, 548, 556, 558, 560, 562, 563, 565, 566, 569, 572, 577, 580, 582, 585, 589, 593, 596, 600, 601, 602, 603, 604, 605, 606, 608, 609, 610, 611, 612, 613, 614, 617, 619, 622, 624, 626, 627, 629, 630, 631, 633, 634, 635, 637, 638, 641, 643, 646, 650, 651, 654, 655, 657, 659, 661, 662, 663, 664, 665, 666, 667, 668, 669, 673, 674, 675, 677, 679, 680, 685, 688, 689, 692, 695, 696, 698, 700, 701, 702, 704, 705, 708, 709, 710, 711, 712, 713, 714, 715, 717, 718, 719, 722, 724, 726, 729, 733, 735, 741, 743, 744, 746, 748, 749, 750, 753, 754, 760, 762, 763, 765, 766, 771, 772, 773, 774, 775, 776, 777, 779, 783, 787, 792, 796, 798, 799, 802, 804, 805, 807, 808, 813, 814, 815, 816, 819, 820, 823, 825, 827, 828, 835, 837, 841, 842, 847, 850, 851, 852, 853, 854, 855, 857, 858, 860, 862, 864, 865, 868, 870, 871, 872, 873, 874, 880, 881, 882, 883, 884, 885, 886, 887, 889, 893, 896, 902, 904, 907, 909, 910, 914, 917, 919, 921, 923, 928, 933, 935, 936, 937, 941, 942, 944, 946, 948, 949, 950, 951, 952, 954, 955, 956, 959, 960, 968, 971, 975, 976, 977, 978, 981, 984, 986, 988, 992, 995, 996, 997, 999, 1000, 1002, 1006, 1009, 1010, 1011]]
allClustLen : [529, 485]
descrNames : [[['NbVars<=2.0', 'NbReturns<=1.0', 'HasLoop'], ['NbLines<=10.0', 'NbTokens<=75.0', 'HasLoop'], ['HasIfInLoop', 'NbReturns<=1.0', 'NbTokens<=75.0'], ['HasWhileLoop', 'InstDepth<=3.0', 'HasIfInLoop', 'NbReturns<=1.0']], [['NbTokens>75.0', 'HasIf', 'InstDepth<=3.0']]]
descrPatIds : [[3, 6, 7, 8], [10]]
descrTagsIds : [['[58, 75, 62]', '[56, 80, 62]', '[65, 73, 75, 80, 62]', '[64, 65, 69, 73, 75, 62]'], ['[81, 65, 69]']]
nbNotAttrib : 0
nbMultiAttrib : 0
nbOfClusterForEachInstance : [1 1 1 ... 1 1 1]
---- : ----
PCRs : [(0.52, 0.01), (0.58, 0.0)]
DCs : [0.83, 0.58]
IPSs : [(0.86, 0.1), (0.71, 0.0)]
SINGs : [(1.0, 0.0), (1.0, 0.0)]
IPCs : [(0.86, 0.1), (0.71, 0.0)]
patPCRs : [[0.5217391304347826, 0.5103969754253308, 0.504725897920605, 0.5368620037807184], [0.5752577319587628]]
patDCs : []
patIPSs : [[0.7443298969072165, 0.7814432989690722, 0.9195876288659793, 0.9979381443298969], [0.7088846880907372]]
patSINGs : [[1.0, 1.0, 1.0, 1.0], [1.0]]
patIPCs : [[0.7443298969072165, 0.7814432989690722, 0.9195876288659793, 0.9979381443298969], [0.7088846880907372]]
Optional results : []
