baseAlgorithms : ['Kmeans']
repeatBPgen : 1
maxClustSize : 1014
Coverage : 30
patType : tag
V : 104
clustPatDF.shape : (36, 104)
Kmin : 3
Kmax : 15
minAppar : 0
maxAppar : 2
Discriminativeness : 10
nbMaxMoreThan1 : 200
nbMaxLessThan1 : 200
nbMaxDiffThan1 : 400
idObj : 9

--- RESULTS ---

times : [0.0, 0.0, 0.26, 2.06, 2523.92]
allClust : [[0, 1, 12, 13, 14, 16, 17, 18, 19, 40, 43, 45, 50, 55, 79, 87, 88, 96, 98, 106, 108, 112, 122, 134, 136, 139, 144, 160, 173, 174, 180, 186, 188, 189, 191, 193, 197, 199, 200, 204, 208, 211, 215, 216, 219, 221, 225, 229, 233, 238, 242, 252, 254, 258, 261, 262, 269, 279, 281, 283, 285, 290, 295, 304, 310, 311, 317, 318, 319, 320, 322, 323, 331, 333, 335, 350, 357, 363, 364, 368, 370, 371, 375, 392, 397, 402, 403, 414, 424, 426, 428, 431, 434, 435, 438, 449, 468, 476, 480, 483, 487, 489, 495, 496, 499, 500, 520, 524, 525, 536, 539, 542, 549, 553, 557, 564, 568, 571, 573, 579, 584, 586, 587, 591, 597, 616, 620, 647, 648, 656, 681, 684, 693, 694, 707, 720, 728, 731, 734, 737, 739, 742, 752, 755, 758, 759, 770, 780, 781, 789, 790, 793, 800, 803, 806, 818, 822, 824, 826, 838, 844, 848, 859, 861, 866, 875, 876, 877, 878, 891, 895, 897, 898, 901, 903, 906, 908, 912, 915, 916, 920, 926, 929, 934, 938, 939, 940, 945, 947, 958, 967, 973, 980, 994, 1004, 1007, 1008], [20, 21, 23, 24, 26, 28, 29, 34, 47, 51, 57, 59, 61, 63, 70, 72, 80, 82, 83, 86, 90, 99, 101, 105, 107, 113, 116, 124, 130, 131, 132, 135, 137, 146, 150, 151, 153, 157, 158, 165, 167, 168, 177, 182, 187, 192, 201, 205, 207, 212, 214, 218, 222, 226, 228, 246, 248, 251, 257, 264, 265, 271, 273, 274, 277, 282, 284, 291, 296, 298, 299, 303, 307, 308, 326, 330, 338, 342, 343, 345, 347, 354, 355, 358, 359, 360, 361, 377, 378, 382, 383, 384, 385, 387, 388, 389, 394, 400, 404, 406, 410, 425, 437, 444, 445, 446, 455, 456, 458, 459, 461, 471, 472, 473, 478, 488, 492, 494, 497, 505, 507, 508, 513, 514, 517, 519, 526, 529, 530, 532, 545, 550, 551, 554, 559, 561, 570, 576, 578, 583, 588, 590, 592, 594, 595, 598, 599, 607, 615, 618, 625, 628, 632, 636, 640, 644, 645, 649, 652, 653, 658, 660, 672, 676, 686, 691, 697, 699, 703, 706, 716, 721, 723, 725, 727, 730, 732, 738, 745, 757, 764, 767, 768, 769, 784, 785, 788, 791, 794, 795, 809, 811, 812, 821, 829, 830, 831, 832, 834, 840, 843, 845, 846, 849, 856, 863, 867, 873, 879, 888, 890, 894, 899, 911, 913, 918, 925, 930, 931, 943, 953, 957, 961, 963, 964, 965, 966, 969, 974, 979, 982, 985, 989, 990, 991, 993, 1001, 1003, 1005, 1012, 1013], [4, 5, 8, 11, 15, 25, 27, 31, 33, 37, 44, 48, 52, 62, 64, 65, 67, 74, 89, 94, 117, 138, 149, 183, 206, 209, 213, 220, 227, 237, 250, 253, 256, 276, 288, 292, 302, 305, 313, 327, 332, 334, 344, 366, 390, 395, 396, 408, 413, 423, 429, 448, 450, 467, 470, 493, 510, 511, 516, 522, 531, 538, 566, 569, 572, 580, 600, 605, 611, 624, 627, 631, 635, 638, 651, 667, 668, 674, 675, 680, 695, 708, 711, 713, 715, 743, 744, 746, 754, 756, 760, 775, 786, 796, 802, 805, 807, 819, 837, 855, 865, 869, 871, 883, 905, 910, 914, 946, 954, 960, 968, 970, 983, 986, 995], [10, 38, 71, 91, 103, 110, 118, 129, 133, 152, 181, 194, 232, 236, 249, 286, 293, 337, 348, 352, 373, 386, 399, 407, 409, 411, 420, 430, 442, 463, 475, 521, 534, 548, 556, 606, 655, 659, 661, 663, 665, 685, 696, 726, 749, 763, 765, 773, 799, 808, 815, 828, 853, 882, 887, 893, 919, 923, 942, 951, 992], [2, 3, 7, 9, 32, 36, 39, 42, 46, 54, 56, 58, 66, 68, 69, 73, 75, 76, 78, 81, 85, 92, 93, 100, 109, 111, 114, 115, 119, 120, 121, 123, 128, 140, 142, 147, 155, 156, 159, 161, 162, 164, 166, 169, 171, 179, 184, 185, 198, 202, 217, 224, 235, 240, 245, 259, 266, 267, 270, 275, 278, 280, 287, 297, 300, 306, 309, 312, 315, 316, 328, 329, 336, 339, 340, 346, 351, 362, 365, 372, 374, 376, 379, 381, 391, 393, 398, 401, 415, 416, 417, 419, 421, 427, 433, 439, 441, 451, 452, 453, 454, 457, 462, 465, 477, 481, 482, 485, 490, 501, 502, 518, 523, 537, 541, 543, 552, 555, 558, 560, 563, 567, 574, 575, 577, 581, 585, 589, 603, 608, 612, 613, 614, 617, 619, 621, 623, 629, 637, 639, 642, 654, 664, 671, 673, 677, 678, 679, 682, 683, 687, 690, 698, 709, 712, 719, 733, 736, 740, 741, 747, 748, 751, 753, 761, 771, 772, 778, 782, 797, 798, 801, 804, 810, 816, 817, 820, 825, 827, 833, 835, 836, 847, 850, 852, 857, 864, 870, 874, 881, 884, 885, 886, 892, 896, 900, 904, 917, 922, 924, 927, 932, 933, 935, 941, 948, 950, 952, 956, 959, 962, 972, 976, 978, 984, 988, 996, 997, 998, 1000, 1010, 1011]]
allClustLen : [197, 241, 115, 61, 222]
descrNames : [[['f918da384abe3dbfb19a02f888cbf3b1'], ['582dcbc047b264a41a011f56f86574ba']], [['392e69c90b63b832ef1b1489027c9c7f'], ['8c67b76032d571a8d7eca8796ed11752']], [['709a3600dc12d686d1c8f691a0af1e19']], [['4c3cff428b26be2b1464a3c9ee78c7cf']], [['0c9aa2cd6791f3c44ce75bb46fb0b625'], ['3355182ef981952e841618c19103ef09']]]
descrPatIds : [[22, 25], [21, 20], [14], [19], [26, 27]]
descrTagsIds : [['[0]', '[5]'], ['[6]', '[7]'], ['[2]'], ['[4]'], ['[1]', '[3]']]
nbNotAttrib : 178
nbMultiAttrib : 0
nbOfClusterForEachInstance : [1 1 1 ... 1 1 1]
---- : ----
PCRs : [(0.45, 0.06), (0.48, 0.06), (0.9, 0.0), (0.98, 0.0), (0.44, 0.03)]
DCs : [0.9, 0.96, 0.9, 0.98, 0.89]
IPSs : [(0.97, 0.0), (0.99, 0.01), (0.94, 0.0), (0.92, 0.0), (0.98, 0.01)]
SINGs : [(1.0, 0.0), (1.0, 0.0), (1.0, 0.0), (1.0, 0.0), (1.0, 0.0)]
IPCs : [(0.99, 0.0), (0.99, 0.0), (1.0, 0.0), (0.99, 0.0), (0.99, 0.01)]
patPCRs : [[0.5076142131979695, 0.39593908629441626], [0.4149377593360996, 0.5435684647302904], [0.9043478260869565], [0.9836065573770492], [0.47297297297297297, 0.4144144144144144]]
patDCs : []
patIPSs : [[0.9694002447980417, 0.9608323133414933], [0.9935316946959897, 0.9805950840879689], [0.9377085650723026], [0.9171038824763904], [0.9911616161616161, 0.9684343434343434]]
patSINGs : [[1.0, 1.0], [1.0, 1.0], [1.0], [1.0], [1.0, 1.0]]
patIPCs : [[0.9842342342342343, 0.9906639004149378], [0.9909684066191513, 0.9835980264086642], [0.9952096766817579], [0.9893174387670807], [0.9934782608695653, 0.9818803796071507]]
Optional results : []
