baseAlgorithms : ['Kmeans']
repeatBPgen : 1
maxClustSize : 1014
Coverage : 50
patType : tag
V : 104
clustPatDF.shape : (34, 104)
Kmin : 3
Kmax : 15
minAppar : 0
maxAppar : 2
Discriminativeness : 30
nbMaxMoreThan1 : 200
nbMaxLessThan1 : 200
nbMaxDiffThan1 : 400
idObj : 9

--- RESULTS ---

times : [0.0, 0.0, 0.24, 1.92, 362.88]
allClust : [[4, 5, 8, 15, 25, 27, 30, 31, 33, 35, 37, 44, 48, 52, 53, 62, 64, 65, 67, 74, 84, 89, 94, 95, 102, 127, 138, 143, 145, 148, 149, 163, 176, 183, 196, 206, 213, 220, 227, 230, 231, 241, 244, 247, 248, 250, 253, 255, 256, 263, 272, 276, 288, 289, 292, 294, 313, 321, 324, 327, 334, 344, 366, 367, 369, 390, 395, 396, 405, 408, 412, 413, 423, 429, 448, 450, 466, 467, 474, 484, 491, 493, 498, 510, 511, 515, 516, 522, 528, 538, 544, 562, 566, 569, 572, 580, 593, 600, 601, 605, 609, 611, 622, 624, 627, 631, 634, 635, 638, 643, 650, 651, 667, 668, 669, 675, 680, 688, 692, 695, 701, 702, 704, 705, 708, 710, 711, 713, 714, 715, 717, 722, 724, 743, 744, 746, 750, 754, 760, 762, 783, 796, 802, 805, 814, 823, 837, 842, 851, 854, 855, 858, 865, 868, 880, 883, 910, 914, 937, 946, 949, 954, 960, 968, 971], [10, 38, 71, 91, 103, 110, 118, 129, 133, 152, 181, 194, 232, 236, 249, 286, 293, 337, 348, 352, 373, 386, 399, 407, 409, 411, 420, 430, 442, 463, 475, 521, 534, 548, 556, 606, 655, 659, 661, 663, 665, 685, 696, 726, 749, 763, 765, 773, 799, 808, 815, 828, 853, 882, 887, 893, 919, 923, 942, 951, 992], [23, 26, 28, 34, 51, 57, 59, 72, 86, 90, 101, 105, 113, 116, 146, 150, 151, 168, 177, 182, 201, 212, 246, 251, 257, 271, 277, 291, 296, 298, 308, 338, 342, 347, 359, 360, 361, 377, 378, 382, 385, 387, 388, 389, 394, 404, 455, 456, 461, 492, 494, 497, 505, 508, 513, 514, 519, 529, 530, 532, 578, 579, 588, 594, 595, 599, 618, 625, 649, 652, 653, 658, 660, 676, 686, 691, 721, 723, 730, 732, 745, 764, 768, 769, 784, 788, 794, 811, 830, 834, 840, 856, 863, 867, 888, 890, 894, 911, 913, 943, 953, 964, 966, 969, 979, 982, 989, 991, 1001], [1, 12, 16, 17, 19, 43, 45, 55, 79, 88, 96, 98, 108, 112, 122, 139, 160, 173, 174, 186, 188, 189, 191, 193, 197, 199, 200, 208, 211, 215, 216, 221, 238, 242, 252, 258, 269, 284, 285, 304, 311, 318, 319, 323, 333, 335, 357, 363, 370, 375, 392, 403, 414, 421, 428, 435, 438, 449, 476, 480, 483, 489, 499, 500, 524, 525, 539, 542, 549, 553, 557, 568, 573, 584, 586, 587, 591, 597, 616, 647, 648, 681, 693, 707, 720, 731, 737, 755, 758, 759, 789, 790, 806, 822, 824, 841, 859, 861, 866, 876, 877, 895, 897, 898, 901, 903, 908, 912, 915, 916, 939, 940, 945, 958, 967, 994, 1007], [2, 3, 7, 32, 42, 54, 56, 58, 68, 69, 73, 75, 76, 85, 93, 100, 109, 111, 115, 128, 142, 147, 159, 164, 169, 171, 198, 202, 245, 259, 267, 270, 280, 287, 300, 306, 312, 336, 339, 340, 346, 351, 362, 365, 372, 381, 427, 441, 452, 453, 454, 457, 465, 485, 518, 523, 537, 543, 546, 552, 558, 560, 563, 577, 604, 613, 614, 629, 637, 639, 662, 664, 673, 677, 679, 690, 698, 712, 733, 736, 740, 747, 772, 797, 798, 801, 820, 825, 827, 850, 852, 857, 864, 874, 885, 886, 904, 927, 932, 933, 935, 941, 976, 978, 984, 988, 996, 997, 998, 1010], [9, 36, 39, 46, 66, 78, 81, 92, 114, 119, 121, 123, 140, 156, 161, 162, 179, 184, 185, 217, 224, 235, 240, 266, 275, 278, 297, 309, 315, 328, 374, 376, 379, 391, 393, 398, 401, 416, 417, 419, 433, 439, 468, 477, 482, 490, 502, 555, 575, 581, 585, 589, 603, 608, 617, 621, 642, 654, 678, 683, 687, 709, 719, 748, 751, 753, 761, 778, 782, 804, 810, 816, 833, 835, 836, 847, 870, 881, 884, 896, 922, 924, 948, 950, 956, 962, 972, 981, 1000, 1011], [0, 13, 18, 40, 50, 77, 87, 106, 124, 134, 136, 144, 157, 166, 175, 180, 195, 204, 219, 225, 233, 260, 261, 262, 279, 283, 290, 295, 301, 303, 310, 316, 317, 320, 322, 331, 349, 350, 354, 364, 371, 397, 422, 424, 426, 431, 434, 481, 487, 495, 496, 501, 504, 535, 536, 541, 547, 564, 567, 574, 623, 656, 670, 671, 682, 684, 694, 728, 734, 739, 742, 752, 770, 780, 781, 793, 795, 800, 803, 817, 818, 826, 839, 844, 848, 849, 875, 878, 891, 892, 900, 906, 920, 926, 929, 938, 947, 973, 980, 987, 1008], [14, 20, 21, 24, 29, 47, 61, 63, 70, 80, 82, 83, 99, 107, 130, 131, 132, 137, 153, 158, 165, 167, 187, 192, 205, 207, 214, 218, 222, 226, 228, 229, 254, 264, 265, 273, 274, 281, 282, 299, 307, 326, 330, 341, 343, 345, 355, 358, 368, 383, 384, 400, 406, 410, 425, 437, 444, 445, 446, 458, 459, 471, 472, 473, 478, 488, 507, 517, 520, 526, 545, 550, 551, 554, 559, 561, 570, 571, 576, 583, 590, 592, 598, 607, 615, 628, 632, 636, 640, 644, 645, 672, 697, 699, 703, 706, 716, 725, 727, 738, 757, 767, 785, 791, 809, 812, 821, 829, 831, 832, 838, 843, 845, 846, 873, 879, 899, 918, 925, 930, 931, 934, 957, 961, 963, 965, 974, 985, 990, 993, 1003, 1004, 1005, 1012, 1013]]
allClustLen : [165, 61, 109, 117, 110, 90, 101, 135]
descrNames : [[['709a3600dc12d686d1c8f691a0af1e19']], [['4c3cff428b26be2b1464a3c9ee78c7cf']], [['8c67b76032d571a8d7eca8796ed11752']], [['InstDepth>3.0'], ['582dcbc047b264a41a011f56f86574ba']], [['0c9aa2cd6791f3c44ce75bb46fb0b625']], [['3355182ef981952e841618c19103ef09']], [['f918da384abe3dbfb19a02f888cbf3b1']], [['392e69c90b63b832ef1b1489027c9c7f']]]
descrPatIds : [[15], [21], [14], [27, 28], [26], [29], [19], [24]]
descrTagsIds : [['[2]'], ['[4]'], ['[7]'], ['[70]', '[5]'], ['[1]'], ['[3]'], ['[0]'], ['[6]']]
nbNotAttrib : 126
nbMultiAttrib : 0
nbOfClusterForEachInstance : [1 1 1 ... 1 1 1]
---- : ----
PCRs : [(0.74, 0.0), (0.98, 0.0), (1.0, 0.0), (0.61, 0.03), (0.97, 0.0), (0.84, 0.0), (0.85, 0.0), (0.74, 0.0)]
DCs : [0.74, 0.98, 1.0, 0.71, 0.97, 0.84, 0.85, 0.74]
IPSs : [(0.96, 0.0), (0.92, 0.0), (0.96, 0.0), (0.94, 0.02), (0.99, 0.0), (0.96, 0.0), (0.96, 0.0), (0.99, 0.0)]
SINGs : [(1.0, 0.0), (1.0, 0.0), (1.0, 0.0), (1.0, 0.0), (1.0, 0.0), (1.0, 0.0), (1.0, 0.0), (1.0, 0.0)]
IPCs : [(0.99, 0.0), (0.96, 0.0), (0.96, 0.0), (0.95, 0.03), (1.0, 0.0), (0.99, 0.0), (0.95, 0.0), (0.99, 0.0)]
patPCRs : [[0.7393939393939394], [0.9836065573770492], [1.0], [0.5811965811965812, 0.6324786324786325], [0.9727272727272728], [0.8444444444444444], [0.8514851485148515], [0.7407407407407407]]
patDCs : []
patIPSs : [[0.9552414605418139], [0.9171038824763904], [0.9591160220994475], [0.9186176142697882, 0.959866220735786], [0.9944690265486725], [0.9556277056277056], [0.9572836801752465], [0.9943117178612059]]
patSINGs : [[1.0], [1.0], [1.0], [1.0, 1.0], [1.0], [1.0], [1.0], [1.0]]
patIPCs : [[0.9906998392146907], [0.9585414585414586], [0.955055249114655], [0.9232029236054258, 0.9857038084760857], [0.9984126984126984], [0.9894566379714895], [0.9536426536426535], [0.9920414740086871]]
Optional results : []
