baseAlgorithms : ['Kmeans']
repeatBPgen : 1
maxClustSize : 1014
Coverage : 50
patType : pat
V : 99
clustPatDF.shape : (164, 99)
Kmin : 2
Kmax : 15
minAppar : 0
maxAppar : 2
Discriminativeness : 10
nbMaxMoreThan1 : 200
nbMaxLessThan1 : 200
nbMaxDiffThan1 : 400
idObj : 9

--- RESULTS ---

times : [0.0, 0.0, 3.96, 8.49, 159.57]
allClust : [[0, 1, 2, 3, 7, 9, 12, 13, 14, 16, 17, 18, 19, 20, 21, 23, 24, 26, 28, 29, 34, 39, 40, 43, 45, 46, 47, 50, 51, 55, 57, 59, 61, 63, 70, 72, 77, 78, 79, 80, 81, 82, 83, 86, 87, 88, 90, 93, 96, 98, 99, 101, 105, 106, 107, 108, 109, 112, 113, 114, 116, 117, 121, 122, 124, 130, 131, 132, 134, 135, 136, 137, 139, 142, 144, 146, 147, 150, 151, 153, 157, 158, 160, 165, 166, 167, 168, 173, 174, 177, 180, 182, 186, 187, 188, 189, 191, 192, 193, 197, 199, 200, 201, 204, 205, 207, 208, 211, 212, 214, 215, 216, 217, 218, 219, 221, 222, 225, 226, 228, 229, 233, 235, 238, 242, 246, 251, 252, 254, 257, 258, 259, 260, 261, 262, 264, 265, 266, 269, 271, 273, 274, 277, 279, 281, 282, 283, 284, 285, 290, 291, 295, 296, 298, 299, 301, 302, 303, 304, 307, 308, 309, 310, 311, 316, 317, 318, 319, 320, 322, 323, 326, 330, 331, 333, 335, 338, 341, 342, 343, 345, 346, 347, 349, 350, 354, 355, 357, 358, 359, 360, 361, 363, 364, 365, 368, 370, 371, 375, 376, 377, 378, 381, 382, 383, 384, 385, 387, 388, 389, 392, 394, 397, 400, 401, 402, 403, 404, 406, 410, 414, 417, 421, 424, 425, 426, 428, 431, 434, 435, 437, 438, 439, 444, 445, 446, 449, 455, 456, 458, 459, 461, 468, 470, 471, 472, 473, 476, 478, 480, 481, 482, 483, 487, 488, 489, 492, 494, 495, 496, 497, 499, 500, 501, 504, 505, 507, 508, 513, 514, 517, 519, 520, 524, 525, 526, 529, 530, 531, 532, 535, 536, 539, 541, 542, 543, 545, 547, 549, 550, 551, 552, 553, 554, 555, 557, 559, 561, 564, 567, 568, 570, 571, 573, 574, 575, 576, 578, 579, 581, 583, 584, 586, 587, 588, 590, 591, 592, 594, 595, 597, 598, 599, 607, 615, 616, 618, 620, 621, 623, 625, 628, 632, 636, 639, 640, 642, 644, 645, 647, 648, 649, 652, 653, 656, 658, 660, 670, 671, 672, 676, 678, 681, 682, 683, 684, 686, 687, 690, 691, 693, 694, 697, 699, 703, 706, 707, 716, 720, 721, 723, 725, 727, 728, 730, 731, 732, 734, 736, 737, 738, 739, 740, 742, 745, 747, 751, 752, 755, 756, 757, 758, 759, 761, 764, 767, 768, 769, 770, 778, 780, 781, 782, 784, 785, 786, 788, 789, 790, 791, 793, 794, 795, 797, 800, 801, 803, 806, 809, 810, 811, 812, 817, 818, 821, 822, 824, 826, 829, 830, 831, 832, 833, 834, 836, 838, 839, 840, 843, 844, 845, 846, 848, 849, 856, 859, 861, 863, 866, 867, 869, 875, 876, 877, 878, 879, 888, 890, 891, 892, 894, 895, 897, 898, 899, 900, 901, 903, 905, 906, 908, 911, 912, 913, 915, 916, 918, 920, 922, 924, 925, 926, 927, 929, 930, 931, 932, 934, 938, 939, 940, 943, 945, 947, 953, 957, 958, 961, 962, 963, 964, 965, 966, 967, 969, 970, 972, 973, 974, 979, 980, 982, 983, 985, 987, 989, 990, 991, 993, 994, 998, 1001, 1003, 1004, 1005, 1007, 1008, 1012, 1013], [4, 5, 8, 15, 25, 27, 30, 31, 33, 35, 37, 44, 48, 52, 53, 62, 64, 65, 67, 74, 84, 89, 94, 95, 102, 127, 138, 143, 145, 148, 149, 163, 176, 183, 196, 206, 213, 220, 227, 230, 231, 241, 244, 247, 248, 250, 253, 255, 256, 263, 272, 276, 288, 289, 292, 294, 313, 321, 324, 327, 334, 344, 366, 367, 369, 390, 395, 396, 405, 408, 412, 413, 423, 429, 448, 450, 466, 467, 474, 484, 491, 493, 498, 510, 511, 515, 516, 522, 528, 538, 544, 562, 566, 569, 572, 580, 593, 600, 601, 605, 609, 611, 622, 624, 627, 631, 634, 635, 638, 643, 650, 651, 667, 668, 669, 675, 680, 688, 692, 695, 701, 702, 704, 705, 708, 710, 711, 713, 714, 715, 717, 722, 724, 743, 744, 746, 750, 754, 760, 762, 783, 796, 802, 805, 814, 823, 837, 842, 851, 854, 855, 858, 865, 868, 880, 883, 910, 914, 937, 946, 949, 954, 960, 968, 971], [2, 3, 7, 32, 42, 54, 56, 58, 68, 69, 73, 75, 76, 85, 93, 100, 109, 111, 115, 128, 142, 147, 159, 164, 169, 171, 198, 202, 245, 259, 267, 270, 280, 287, 300, 306, 312, 336, 339, 340, 346, 351, 362, 365, 372, 381, 427, 441, 452, 453, 454, 457, 465, 485, 518, 523, 537, 543, 546, 552, 558, 560, 563, 577, 604, 613, 614, 629, 637, 639, 662, 664, 673, 677, 679, 690, 698, 712, 733, 736, 740, 747, 772, 797, 798, 801, 820, 825, 827, 850, 852, 857, 864, 874, 885, 886, 904, 927, 932, 933, 935, 941, 976, 978, 984, 988, 996, 997, 998, 1010], [6, 49, 104, 120, 155, 178, 209, 210, 223, 237, 239, 305, 329, 332, 380, 415, 451, 462, 486, 509, 612, 619, 620, 657, 674, 735, 741, 771, 872, 909, 917, 952, 959, 986, 1006], [10, 38, 71, 91, 103, 110, 118, 129, 133, 152, 181, 194, 232, 236, 249, 286, 293, 337, 348, 352, 373, 386, 399, 407, 409, 411, 420, 430, 442, 463, 475, 521, 534, 548, 556, 606, 655, 659, 661, 663, 665, 685, 696, 726, 749, 763, 765, 773, 799, 808, 815, 828, 853, 882, 887, 893, 919, 923, 942, 951, 992]]
allClustLen : [529, 165, 110, 35, 61]
descrNames : [[['HasIfInLoop', 'NbReturns<=1.0', 'NbTokens<=75.0'], ['HasWhileLoop', 'InstDepth<=3.0', 'HasIfInLoop', 'NbReturns<=1.0']], [['HasIf', '709a3600dc12d686d1c8f691a0af1e19', 'InstDepth<=3.0', 'NbReturns<=1.0', 'NbTokens>75.0', 'NbLines>10.0', 'NbVars<=2.0', 'NbParams<=1.0'], ['HasIfElifElse', 'NbReturns<=1.0', 'NbTokens>75.0', 'NbLines>10.0', 'NbVars<=2.0'], ['709a3600dc12d686d1c8f691a0af1e19', 'HasIfElif', 'InstDepth<=3.0', 'NbReturns<=1.0', 'NbTokens>75.0', 'NbLines>10.0', 'NbParams<=1.0']], [['0c9aa2cd6791f3c44ce75bb46fb0b625', 'HasIf', 'InstDepth<=3.0', 'NbReturns<=1.0', 'NbTokens<=75.0', 'NbLines<=10.0', 'NbVars<=2.0', 'NbParams<=1.0', 'HasLoop', 'HasForLoop']], [['HasIf', '3355182ef981952e841618c19103ef09', 'InstDepth<=3.0', 'NbReturns<=1.0', 'NbTokens>75.0', 'NbVars>2.0', 'NbParams>1.0']], [['HasIf', '4c3cff428b26be2b1464a3c9ee78c7cf', 'InstDepth<=3.0', 'NbReturns<=1.0', 'NbTokens<=75.0', 'NbLines<=10.0', 'NbParams>1.0'], ['4c3cff428b26be2b1464a3c9ee78c7cf', 'HasIfElifElse', 'InstDepth<=3.0', 'NbVars<=2.0', 'NbParams>1.0']]]
descrPatIds : [[7, 8], [38, 39, 41], [143], [144], [119, 121]]
descrTagsIds : [['[65, 73, 75, 80, 62]', '[64, 65, 69, 73, 75, 62]'], ['[65, 2, 69, 75, 81, 57, 58, 60]', '[65, 66, 67, 68, 75, 81, 57, 58]', '[65, 2, 67, 69, 75, 81, 57, 60]'], ['[1, 65, 69, 75, 80, 56, 58, 60, 62, 63]'], ['[65, 3, 69, 75, 81, 59, 61]'], ['[65, 4, 69, 75, 80, 56, 61]', '[65, 66, 67, 4, 68, 69, 58, 61]']]
nbNotAttrib : 138
nbMultiAttrib : 24
nbOfClusterForEachInstance : [1 1 2 ... 0 1 1]
---- : ----
PCRs : [(0.52, 0.02), (0.56, 0.04), (0.53, 0.0), (0.54, 0.0), (0.55, 0.04)]
DCs : [0.71, 0.82, 0.53, 0.54, 0.9]
IPSs : [(0.96, 0.04), (0.97, 0.02), (1.0, 0.0), (0.98, 0.0), (0.98, 0.0)]
SINGs : [(1.0, 0.0), (1.0, 0.0), (1.0, 0.0), (1.0, 0.0), (1.0, 0.0)]
IPCs : [(0.99, 0.01), (0.99, 0.01), (1.0, 0.0), (0.99, 0.0), (0.98, 0.0)]
patPCRs : [[0.504725897920605, 0.5368620037807184], [0.6, 0.5575757575757576, 0.509090909090909], [0.5272727272727272], [0.5428571428571428], [0.5081967213114754, 0.5901639344262295]]
patDCs : []
patIPSs : [[0.9195876288659793, 0.9979381443298969], [0.9729093050647821, 0.9387514723203769, 0.9882214369846879], [0.9988938053097345], [0.9836567926455567], [0.9832109129066107, 0.9769150052465897]]
patSINGs : [[1.0, 1.0], [1.0, 1.0, 1.0], [1.0], [1.0], [1.0, 1.0]]
patIPCs : [[0.9757575757575757, 1.0], [0.996219281663516, 0.9697002430461787, 0.996219281663516], [1.0], [0.9917640488056367], [0.9828607435412728, 0.9778426992037578]]
Optional results : []
