baseAlgorithms : ['Kmeans']
repeatBPgen : 1
maxClustSize : 1014
Coverage : 50
patType : pat
V : 99
clustPatDF.shape : (164, 99)
Kmin : 3
Kmax : 15
minAppar : 0
maxAppar : 2
Discriminativeness : 30
nbMaxMoreThan1 : 200
nbMaxLessThan1 : 200
nbMaxDiffThan1 : 400
idObj : 9

--- RESULTS ---

times : [0.0, 0.0, 3.96, 8.49, 150.51]
allClust : [[35, 53, 60, 84, 102, 125, 126, 154, 163, 172, 176, 196, 230, 243, 247, 268, 272, 289, 293, 314, 324, 325, 356, 391, 405, 418, 447, 460, 464, 469, 474, 484, 491, 498, 503, 506, 512, 515, 527, 540, 593, 596, 602, 610, 622, 626, 630, 633, 641, 646, 650, 663, 688, 692, 700, 702, 704, 705, 714, 717, 722, 750, 774, 776, 813, 814, 842, 851, 858, 862, 868, 880, 889, 902, 921, 923, 944, 949, 955, 971, 975, 977, 1002], [8, 15, 25, 27, 33, 37, 44, 48, 52, 62, 64, 65, 67, 74, 89, 94, 95, 117, 138, 149, 183, 206, 213, 220, 227, 231, 250, 253, 255, 256, 276, 288, 292, 302, 313, 327, 334, 366, 390, 395, 396, 408, 413, 423, 429, 448, 450, 467, 470, 493, 510, 511, 516, 522, 531, 566, 569, 572, 580, 600, 611, 624, 631, 635, 638, 667, 675, 680, 695, 708, 711, 713, 715, 743, 744, 746, 754, 756, 760, 775, 786, 796, 802, 805, 819, 823, 837, 855, 865, 869, 871, 883, 905, 910, 914, 937, 954, 960, 968, 970, 983], [20, 21, 23, 24, 26, 28, 29, 34, 47, 51, 57, 59, 61, 63, 70, 72, 80, 82, 83, 86, 90, 99, 101, 105, 107, 113, 116, 124, 130, 131, 132, 135, 137, 146, 150, 151, 153, 158, 165, 167, 168, 177, 182, 187, 192, 201, 205, 207, 212, 214, 218, 222, 226, 228, 246, 248, 251, 257, 264, 265, 271, 273, 274, 277, 282, 291, 296, 298, 299, 307, 308, 326, 330, 338, 342, 343, 345, 347, 354, 355, 358, 359, 360, 361, 377, 378, 382, 383, 384, 385, 387, 388, 389, 394, 400, 404, 406, 410, 425, 444, 445, 446, 455, 456, 458, 459, 461, 471, 472, 473, 478, 488, 492, 494, 497, 505, 507, 508, 513, 514, 519, 526, 529, 530, 532, 545, 550, 551, 554, 559, 561, 578, 579, 588, 590, 592, 594, 595, 598, 599, 604, 607, 615, 618, 625, 628, 636, 640, 644, 645, 649, 652, 653, 658, 660, 672, 676, 686, 691, 699, 703, 706, 716, 721, 723, 725, 727, 730, 732, 738, 745, 764, 767, 768, 769, 784, 785, 788, 791, 794, 809, 811, 812, 821, 829, 830, 831, 832, 834, 840, 843, 845, 846, 856, 863, 867, 873, 879, 888, 890, 894, 899, 911, 913, 918, 925, 930, 931, 943, 953, 957, 961, 963, 964, 965, 966, 969, 974, 979, 982, 985, 989, 990, 991, 993, 1001, 1003, 1005, 1012, 1013], [4, 5, 30, 31, 97, 127, 143, 145, 148, 170, 203, 241, 244, 263, 294, 321, 344, 353, 367, 369, 412, 432, 436, 440, 466, 479, 528, 538, 544, 562, 601, 605, 609, 627, 634, 643, 651, 668, 669, 701, 710, 718, 724, 762, 777, 779, 783, 792, 854, 860, 928, 936, 946, 999], [1, 12, 16, 17, 19, 43, 45, 55, 79, 88, 96, 98, 108, 112, 122, 139, 160, 173, 174, 186, 188, 189, 191, 193, 197, 199, 200, 208, 211, 215, 216, 221, 238, 242, 252, 254, 258, 261, 269, 281, 283, 284, 285, 304, 311, 318, 319, 323, 333, 335, 357, 363, 368, 370, 375, 392, 403, 414, 428, 435, 438, 449, 468, 476, 480, 483, 487, 489, 499, 500, 520, 524, 525, 539, 542, 549, 553, 557, 568, 571, 573, 584, 586, 587, 591, 597, 616, 647, 648, 681, 693, 707, 720, 731, 737, 755, 758, 759, 789, 790, 806, 822, 824, 838, 841, 859, 861, 866, 876, 877, 895, 897, 898, 901, 903, 908, 912, 915, 916, 939, 940, 945, 958, 967, 981, 994, 1004, 1007], [0, 13, 18, 40, 50, 77, 87, 106, 134, 136, 144, 157, 166, 175, 180, 195, 204, 219, 225, 233, 260, 262, 279, 290, 295, 301, 303, 310, 316, 317, 320, 322, 331, 349, 350, 364, 371, 397, 422, 424, 426, 431, 434, 495, 496, 504, 535, 536, 541, 547, 564, 567, 574, 623, 656, 670, 671, 682, 684, 694, 728, 734, 739, 742, 752, 770, 780, 781, 793, 795, 800, 803, 817, 818, 826, 839, 844, 848, 849, 875, 878, 891, 892, 900, 906, 920, 926, 929, 934, 938, 947, 973, 980, 987, 995, 1008], [10, 38, 71, 91, 103, 110, 118, 129, 133, 152, 181, 194, 232, 236, 249, 286, 293, 337, 348, 352, 373, 386, 399, 407, 409, 411, 420, 430, 442, 463, 475, 521, 534, 548, 556, 606, 655, 659, 661, 663, 665, 685, 696, 726, 749, 763, 765, 773, 799, 808, 815, 828, 853, 882, 887, 893, 919, 923, 942, 951, 992], [2, 3, 7, 32, 42, 54, 56, 58, 68, 69, 73, 75, 76, 85, 93, 100, 109, 111, 115, 128, 142, 147, 159, 164, 169, 171, 198, 202, 245, 259, 267, 270, 280, 287, 300, 306, 312, 336, 339, 340, 346, 351, 362, 365, 372, 381, 427, 441, 452, 453, 454, 457, 465, 485, 518, 523, 537, 543, 546, 552, 558, 560, 563, 577, 604, 613, 614, 629, 637, 639, 662, 664, 673, 677, 679, 690, 698, 712, 733, 736, 740, 747, 772, 797, 798, 801, 820, 825, 827, 850, 852, 857, 864, 874, 885, 886, 904, 927, 932, 933, 935, 941, 976, 978, 984, 988, 996, 997, 998, 1010], [6, 49, 104, 120, 155, 178, 209, 210, 223, 237, 239, 305, 329, 332, 380, 415, 451, 462, 486, 509, 612, 619, 620, 657, 674, 735, 741, 771, 872, 909, 917, 952, 959, 986, 1006], [9, 39, 46, 66, 78, 81, 98, 114, 119, 121, 123, 156, 161, 162, 184, 217, 224, 235, 266, 297, 309, 374, 376, 393, 401, 416, 417, 419, 433, 439, 468, 477, 482, 490, 502, 555, 575, 581, 608, 621, 642, 654, 678, 683, 687, 719, 748, 751, 753, 761, 778, 782, 804, 810, 816, 833, 835, 836, 847, 870, 881, 896, 908, 922, 924, 962, 972, 981, 1000, 1011]]
allClustLen : [83, 101, 230, 54, 128, 96, 61, 110, 35, 70]
descrNames : [[['HasIfElif', '4c3cff428b26be2b1464a3c9ee78c7cf', 'NbReturns<=1.0', 'NbParams>1.0'], ['InstDepth<=3.0', 'HasIfInLoop', 'NbReturns<=1.0', 'NbLines<=10.0', 'HasForLoop']], [['709a3600dc12d686d1c8f691a0af1e19', 'HasIfElifElse', 'InstDepth<=3.0', 'NbReturns<=1.0', 'NbTokens>75.0', 'NbLines>10.0', 'NbVars<=2.0', 'NbParams<=1.0']], [['8c67b76032d571a8d7eca8796ed11752', 'NbReturns<=1.0', 'NbTokens<=75.0', 'NbLines<=10.0', 'NbParams<=1.0', 'HasLoop'], ['InstDepth<=3.0', 'HasIfInLoop', 'NbReturns<=1.0', 'NbTokens<=75.0', 'NbLines<=10.0'], ['HasWhileLoop', 'InstDepth<=3.0', 'HasIfInLoop', 'NbReturns<=1.0', 'NbVars<=2.0'], ['HasWhileLoop', 'InstDepth<=3.0', 'HasIfInLoop', 'NbReturns<=1.0', 'NbLines<=10.0']], [['HasIf', '709a3600dc12d686d1c8f691a0af1e19', 'HasNestedIfs', 'NbReturns<=1.0', 'NbTokens>75.0', 'NbLines>10.0', 'NbVars<=2.0', 'NbParams<=1.0']], [['582dcbc047b264a41a011f56f86574ba', 'HasIfInLoop', 'NbTokens<=75.0', 'NbLines<=10.0', 'NbVars<=2.0', 'NbParams<=1.0', 'HasForLoop']], [['f918da384abe3dbfb19a02f888cbf3b1', 'HasWhileLoop', 'InstDepth<=3.0', 'HasIfInLoop', 'NbReturns<=1.0', 'NbLines>10.0', 'NbVars>2.0', 'NbParams>1.0']], [['HasIf', '4c3cff428b26be2b1464a3c9ee78c7cf', 'InstDepth<=3.0', 'NbReturns<=1.0', 'NbTokens<=75.0', 'NbLines<=10.0', 'NbParams>1.0'], ['4c3cff428b26be2b1464a3c9ee78c7cf', 'HasIfElifElse', 'InstDepth<=3.0', 'NbVars<=2.0', 'NbParams>1.0']], [['0c9aa2cd6791f3c44ce75bb46fb0b625', 'HasIf', 'InstDepth<=3.0', 'NbReturns<=1.0', 'NbTokens<=75.0', 'NbLines<=10.0', 'NbVars<=2.0', 'NbParams<=1.0', 'HasLoop', 'HasForLoop']], [['HasIf', '3355182ef981952e841618c19103ef09', 'InstDepth<=3.0', 'NbReturns<=1.0', 'NbTokens>75.0', 'NbVars>2.0', 'NbParams>1.0'], ['HasIf', '3355182ef981952e841618c19103ef09', 'InstDepth<=3.0', 'NbReturns<=1.0', 'NbTokens>75.0', 'NbLines<=10.0', 'NbParams>1.0']], [['3355182ef981952e841618c19103ef09', 'HasIfElif', 'InstDepth<=3.0', 'HasImport', 'NbTokens>75.0', 'NbLines>10.0', 'NbVars>2.0', 'NbParams>1.0'], ['3355182ef981952e841618c19103ef09', 'HasIfElifElse', 'InstDepth<=3.0', 'HasImport', 'NbTokens>75.0', 'NbLines>10.0', 'NbParams>1.0']]]
descrPatIds : [[75, 78], [70], [83, 31, 29, 30], [85], [113], [114], [119, 121], [143], [144, 145], [160, 161]]
descrTagsIds : [['[65, 67, 4, 75, 61]', '[65, 69, 73, 75, 56, 62, 63]'], ['[65, 2, 66, 67, 68, 69, 75, 81, 57, 58, 60]'], ['[7, 75, 80, 56, 60, 62]', '[65, 69, 73, 75, 80, 56, 62]', '[64, 65, 69, 73, 75, 58, 62]', '[64, 65, 69, 73, 75, 56, 62]'], ['[65, 2, 72, 75, 81, 57, 58, 60]'], ['[65, 5, 73, 80, 56, 58, 60, 62, 63]'], ['[0, 64, 65, 69, 73, 75, 57, 59, 61, 62]'], ['[65, 4, 69, 75, 80, 56, 61]', '[65, 66, 67, 4, 68, 69, 58, 61]'], ['[1, 65, 69, 75, 80, 56, 58, 60, 62, 63]'], ['[65, 3, 69, 75, 81, 59, 61]', '[65, 3, 69, 75, 81, 56, 61]'], ['[65, 3, 67, 69, 79, 81, 57, 59, 61]', '[65, 66, 3, 67, 68, 69, 79, 81, 57, 61]']]
nbNotAttrib : 54
nbMultiAttrib : 8
nbOfClusterForEachInstance : [1 1 1 ... 1 1 1]
---- : ----
PCRs : [(0.51, 0.01), (0.72, 0.0), (0.54, 0.02), (0.52, 0.0), (0.55, 0.0), (0.7, 0.0), (0.55, 0.04), (0.53, 0.0), (0.53, 0.01), (0.57, 0.04)]
DCs : [0.89, 0.72, 0.88, 0.52, 0.55, 0.7, 0.9, 0.53, 0.71, 0.69]
IPSs : [(0.96, 0.01), (1.0, 0.0), (0.96, 0.02), (0.99, 0.0), (0.97, 0.0), (0.98, 0.0), (0.98, 0.0), (1.0, 0.0), (0.98, 0.0), (1.0, 0.0)]
SINGs : [(1.0, 0.0), (1.0, 0.0), (1.0, 0.0), (1.0, 0.0), (1.0, 0.0), (1.0, 0.0), (1.0, 0.0), (1.0, 0.0), (1.0, 0.0), (1.0, 0.0)]
IPCs : [(0.97, 0.0), (0.99, 0.0), (0.97, 0.02), (0.99, 0.0), (0.98, 0.0), (0.98, 0.0), (0.98, 0.0), (1.0, 0.0), (0.98, 0.01), (1.0, 0.0)]
patPCRs : [[0.5060240963855421, 0.5180722891566265], [0.7227722772277227], [0.5173913043478261, 0.5434782608695652, 0.5826086956521739, 0.5304347826086957], [0.5185185185185185], [0.546875], [0.6979166666666666], [0.5081967213114754, 0.5901639344262295], [0.5272727272727272], [0.5428571428571428, 0.5142857142857142], [0.5285714285714286, 0.6142857142857143]]
patDCs : []
patIPSs : [[0.9752953813104189, 0.9484425349087003], [0.9967141292442497], [0.9706632653061225, 0.9183673469387755, 0.9770408163265306, 0.9770408163265306], [0.9895833333333334], [0.9740406320541761], [0.9803921568627451], [0.9832109129066107, 0.9769150052465897], [0.9988938053097345], [0.9836567926455567, 0.9816138917262512], [1.0, 1.0]]
patSINGs : [[1.0, 1.0], [1.0], [1.0, 1.0, 1.0, 1.0], [1.0], [1.0], [1.0], [1.0, 1.0], [1.0], [1.0, 1.0], [1.0, 1.0]]
patIPCs : [[0.9672372078396365, 0.9730083900600205], [0.9938271604938271], [0.9768441822846943, 0.9383573072955603, 0.9813574735449735, 0.986698082010582], [0.988998899889989], [0.9810371922472498], [0.984375], [0.9828231737035674, 0.9744060814213952], [1.0], [0.9790890398563666, 0.9894660894660894], [1.0, 1.0]]
Optional results : []
