baseAlgorithms : ['Kmeans']
repeatBPgen : 1
maxClustSize : 1014
Coverage : 30
patType : pat
V : 98
clustPatDF.shape : (196, 98)
Kmin : 8
Kmax : 8
minAppar : 0
maxAppar : 2
Discriminativeness : 10
nbMaxMoreThan1 : 200
nbMaxLessThan1 : 200
nbMaxDiffThan1 : 400
idObj : 9

--- RESULTS ---

times : [2.42, 0.0, 7.95, 6.61, 159.5]
allClust : [[20, 21, 23, 24, 26, 28, 29, 34, 47, 51, 57, 59, 61, 63, 70, 72, 80, 82, 83, 86, 90, 99, 101, 105, 107, 113, 116, 124, 130, 131, 132, 135, 137, 146, 150, 151, 153, 158, 165, 167, 168, 177, 182, 187, 192, 201, 205, 207, 212, 214, 218, 222, 226, 228, 246, 251, 257, 264, 265, 271, 273, 274, 277, 282, 284, 291, 296, 298, 299, 307, 308, 326, 330, 338, 342, 343, 345, 347, 354, 355, 358, 359, 360, 361, 377, 378, 382, 383, 384, 385, 387, 388, 389, 394, 400, 404, 406, 410, 425, 437, 444, 445, 446, 455, 456, 458, 459, 461, 471, 472, 473, 478, 488, 492, 494, 497, 505, 507, 508, 513, 514, 517, 519, 526, 529, 530, 532, 545, 550, 551, 554, 559, 561, 570, 576, 578, 588, 590, 592, 594, 595, 598, 599, 604, 607, 615, 618, 625, 628, 636, 640, 644, 645, 649, 652, 653, 658, 660, 672, 676, 686, 691, 697, 699, 703, 706, 716, 721, 723, 725, 727, 730, 732, 738, 745, 764, 767, 768, 769, 784, 785, 788, 791, 794, 795, 809, 811, 812, 821, 829, 830, 831, 832, 834, 840, 845, 846, 856, 863, 867, 873, 879, 888, 890, 894, 899, 911, 913, 918, 925, 930, 931, 943, 953, 957, 961, 963, 964, 965, 966, 969, 974, 979, 982, 983, 985, 989, 990, 991, 993, 1001, 1003, 1005, 1012, 1013], [22, 41, 60, 125, 126, 141, 154, 172, 190, 243, 268, 272, 314, 325, 356, 402, 418, 422, 443, 447, 460, 464, 469, 503, 506, 512, 527, 533, 540, 565, 582, 596, 602, 610, 626, 630, 633, 641, 646, 666, 689, 700, 729, 766, 774, 776, 787, 813, 862, 889, 902, 907, 921, 944, 955, 975, 977, 1002, 1009], [10, 11, 38, 49, 71, 91, 103, 110, 118, 129, 133, 152, 181, 194, 209, 210, 223, 232, 236, 237, 249, 286, 305, 337, 348, 352, 373, 380, 386, 399, 407, 409, 411, 420, 430, 442, 463, 475, 486, 521, 534, 548, 556, 606, 655, 657, 659, 661, 665, 685, 696, 726, 749, 763, 765, 773, 799, 807, 808, 815, 828, 853, 882, 887, 893, 919, 923, 942, 951, 981, 986, 992], [2, 3, 6, 7, 9, 32, 36, 39, 42, 46, 54, 56, 58, 66, 68, 69, 73, 75, 76, 78, 81, 85, 92, 93, 100, 104, 109, 111, 114, 115, 119, 120, 121, 123, 128, 140, 142, 147, 155, 156, 159, 161, 162, 164, 166, 169, 171, 178, 179, 184, 185, 198, 202, 217, 224, 234, 235, 239, 240, 245, 259, 260, 266, 267, 270, 275, 278, 280, 287, 297, 300, 306, 309, 312, 315, 316, 328, 329, 336, 339, 340, 346, 351, 362, 365, 372, 374, 376, 379, 381, 391, 393, 398, 401, 415, 416, 417, 419, 421, 427, 433, 439, 441, 451, 452, 453, 454, 457, 462, 465, 477, 482, 485, 490, 502, 504, 509, 518, 523, 535, 537, 543, 552, 555, 558, 560, 563, 567, 574, 575, 577, 581, 585, 589, 603, 608, 612, 613, 614, 617, 619, 621, 623, 629, 637, 639, 642, 654, 664, 670, 671, 673, 677, 678, 679, 682, 683, 687, 690, 698, 709, 712, 719, 733, 735, 736, 740, 741, 747, 748, 751, 753, 761, 771, 772, 778, 782, 797, 798, 801, 804, 810, 816, 817, 820, 825, 827, 833, 835, 836, 839, 847, 850, 852, 857, 864, 870, 872, 874, 881, 884, 885, 886, 892, 896, 900, 904, 909, 917, 922, 924, 927, 932, 933, 935, 941, 948, 950, 952, 956, 959, 962, 972, 976, 978, 984, 988, 996, 997, 998, 1000, 1006, 1010, 1011], [0, 1, 12, 13, 16, 17, 18, 19, 40, 43, 45, 50, 55, 77, 79, 87, 88, 96, 98, 106, 108, 112, 117, 122, 134, 136, 139, 144, 160, 173, 174, 175, 180, 186, 188, 189, 191, 193, 195, 197, 199, 200, 204, 208, 211, 215, 216, 219, 221, 225, 233, 238, 242, 252, 258, 261, 262, 269, 279, 283, 284, 285, 290, 295, 301, 302, 304, 310, 311, 317, 318, 319, 320, 322, 323, 331, 333, 335, 349, 350, 357, 363, 364, 370, 371, 375, 392, 397, 403, 414, 424, 426, 428, 431, 434, 435, 438, 449, 468, 470, 476, 480, 483, 487, 489, 495, 496, 499, 500, 524, 525, 531, 536, 539, 541, 542, 547, 549, 553, 557, 564, 568, 573, 584, 586, 587, 591, 597, 616, 620, 647, 648, 656, 674, 681, 684, 693, 694, 707, 720, 728, 731, 734, 737, 739, 742, 752, 755, 756, 758, 759, 770, 775, 780, 781, 786, 789, 790, 793, 800, 803, 806, 818, 822, 824, 826, 841, 844, 848, 859, 861, 866, 875, 876, 877, 878, 891, 895, 897, 898, 901, 903, 905, 906, 908, 912, 915, 916, 920, 926, 929, 938, 939, 940, 945, 947, 958, 967, 970, 973, 980, 987, 994, 1007, 1008], [35, 53, 84, 95, 102, 127, 163, 176, 196, 230, 231, 247, 248, 289, 321, 324, 405, 412, 491, 498, 515, 528, 593, 609, 622, 650, 688, 692, 702, 704, 705, 714, 717, 750, 814, 851, 858, 868, 880, 949, 971], [8, 15, 25, 27, 33, 37, 44, 48, 52, 62, 64, 65, 67, 74, 89, 138, 149, 183, 206, 213, 220, 227, 250, 253, 255, 256, 276, 288, 292, 313, 327, 334, 366, 390, 395, 396, 408, 413, 423, 448, 450, 467, 474, 484, 493, 510, 511, 516, 522, 566, 569, 572, 580, 600, 611, 624, 631, 635, 638, 675, 680, 695, 708, 711, 713, 715, 722, 743, 744, 746, 754, 760, 796, 802, 805, 819, 823, 837, 842, 865, 869, 883, 914, 937, 954, 960, 968], [4, 30, 97, 143, 145, 148, 170, 203, 241, 244, 263, 293, 294, 353, 367, 369, 432, 436, 440, 466, 479, 538, 544, 562, 601, 605, 627, 634, 643, 651, 663, 668, 669, 701, 710, 718, 724, 762, 777, 779, 783, 792, 854, 860, 928, 936, 946, 999]]
allClustLen : [235, 59, 72, 234, 205, 41, 87, 48]
descrNames : [[['HasWhileLoop', '392e69c90b63b832ef1b1489027c9c7f', 'HasIfInLoop', 'NbReturns<=1.0', 'NbTokens>75.0', 'NbParams>1.0'], ['HasWhileLoop', 'InstDepth<=3.0', '392e69c90b63b832ef1b1489027c9c7f', 'HasIfInLoop', 'NbReturns<=1.0', 'NbParams>1.0'], ['HasWhileLoop', 'InstDepth<=3.0', '8c67b76032d571a8d7eca8796ed11752', 'NbReturns<=1.0', 'NbTokens<=75.0', 'NbLines<=10.0', 'NbVars<=2.0', 'HasLoop'], ['8c67b76032d571a8d7eca8796ed11752', 'HasIfInLoop', 'NbReturns<=1.0', 'NbTokens<=75.0', 'NbLines<=10.0', 'NbVars<=2.0', 'NbParams<=1.0'], ['HasWhileLoop', 'InstDepth<=3.0', '8c67b76032d571a8d7eca8796ed11752', 'HasIfInLoop', 'NbReturns<=1.0', 'NbTokens<=75.0', 'NbLines<=10.0', 'NbParams<=1.0']], [['582dcbc047b264a41a011f56f86574ba', 'InstDepth<=3.0', 'HasIfInLoop', 'NbReturns<=1.0', 'NbTokens<=75.0', 'NbLines<=10.0', 'NbParams<=1.0', 'HasForLoop'], ['4c3cff428b26be2b1464a3c9ee78c7cf', 'InstDepth<=3.0', 'HasIfInLoop', 'NbReturns<=1.0', 'NbTokens>75.0', 'NbLines<=10.0', 'userdId_23', 'NbVars<=2.0', 'NbParams>1.0', 'HasForLoop']], [['HasIf', '4c3cff428b26be2b1464a3c9ee78c7cf', 'InstDepth<=3.0', 'NbReturns<=1.0', 'NbTokens<=75.0', 'NbLines<=10.0', 'NbVars<=2.0', 'NbParams>1.0'], ['4c3cff428b26be2b1464a3c9ee78c7cf', 'HasIfElifElse', 'InstDepth<=3.0', 'NbTokens<=75.0', 'NbLines<=10.0', 'NbVars<=2.0', 'NbParams>1.0'], ['4c3cff428b26be2b1464a3c9ee78c7cf', 'HasIfElifElse', 'InstDepth<=3.0', 'NbReturns>1.0', 'userdId_1', 'NbVars<=2.0', 'NbParams>1.0']], [['HasIfElif', '3355182ef981952e841618c19103ef09', 'InstDepth<=3.0', 'NbTokens>75.0', 'NbParams>1.0'], ['0c9aa2cd6791f3c44ce75bb46fb0b625', 'HasIf', 'InstDepth<=3.0', 'NbReturns<=1.0', 'NbLines<=10.0', 'NbParams<=1.0', 'HasLoop', 'HasForLoop'], ['0c9aa2cd6791f3c44ce75bb46fb0b625', 'InstDepth<=3.0', 'NbReturns<=1.0', 'NbTokens<=75.0', 'NbLines<=10.0', 'NbVars<=2.0', 'NbParams<=1.0', 'HasLoop', 'HasForLoop']], [['InstDepth>3.0', 'HasIfInLoop', 'NbTokens<=75.0', 'NbLines<=10.0', 'NbParams<=1.0', 'HasForLoop'], ['f918da384abe3dbfb19a02f888cbf3b1', 'HasWhileLoop', 'InstDepth<=3.0', 'HasIfInLoop', 'NbReturns<=1.0', 'NbLines>10.0', 'NbVars>2.0', 'NbParams>1.0']], [['4c3cff428b26be2b1464a3c9ee78c7cf', 'HasIfElifElse', 'InstDepth>3.0', 'NbReturns<=1.0', 'NbTokens>75.0', 'NbLines>10.0', 'NbVars<=2.0', 'NbParams>1.0'], ['4c3cff428b26be2b1464a3c9ee78c7cf', 'HasIfElifElse', 'NbReturns<=1.0', 'NbTokens>75.0', 'PassedTestCases', 'NbLines>10.0', 'NbVars<=2.0', 'NbParams>1.0']], [['709a3600dc12d686d1c8f691a0af1e19', 'HasIfElifElse', 'InstDepth<=3.0', 'NbReturns<=1.0', 'NbTokens>75.0', 'NbLines>10.0', 'NbVars<=2.0', 'NbParams<=1.0']], [['HasIf', '709a3600dc12d686d1c8f691a0af1e19', 'InstDepth<=3.0', 'HasNestedIfs', 'NbReturns<=1.0', 'NbTokens>75.0', 'NbLines>10.0', 'NbVars<=2.0', 'NbParams<=1.0', 'userdId_13']]]
descrPatIds : [[27, 25, 73, 31, 32], [122, 123], [135, 109, 110], [141, 68, 63], [70, 11], [89, 90], [0], [121]]
descrTagsIds : [['[64, 65, 6, 73, 75, 81, 61, 62]', '[64, 65, 69, 6, 73, 75, 61, 62]', '[64, 69, 7, 75, 80, 56, 58, 62]', '[65, 7, 73, 75, 80, 56, 58, 60, 62]', '[64, 65, 69, 7, 73, 75, 80, 56, 60, 62]'], ['[65, 5, 69, 73, 75, 80, 56, 60, 62, 63]', '[65, 4, 69, 73, 75, 81, 56, 25, 58, 61, 62, 63]'], ['[65, 4, 69, 75, 80, 56, 58, 61]', '[65, 66, 67, 4, 68, 69, 80, 56, 58, 61]', '[65, 66, 67, 4, 68, 69, 76, 24, 58, 61]'], ['[65, 67, 3, 69, 81, 61]', '[1, 65, 69, 75, 56, 60, 62, 63]', '[1, 69, 75, 80, 56, 58, 60, 62, 63]'], ['[65, 70, 73, 80, 56, 60, 62, 63]', '[0, 64, 65, 69, 73, 75, 57, 59, 61, 62]'], ['[65, 66, 67, 4, 68, 70, 75, 81, 57, 58, 61]', '[65, 66, 67, 4, 68, 75, 81, 82, 57, 58, 61]'], ['[65, 2, 66, 67, 68, 69, 75, 81, 57, 58, 60]'], ['[65, 2, 69, 72, 75, 81, 57, 58, 60, 31]']]
nbNotAttrib : 34
nbMultiAttrib : 1
nbOfClusterForEachInstance : [1 1 1 ... 1 1 1]
---- : ----
PCRs : [(0.34, 0.04), (0.44, 0.07), (0.34, 0.04), (0.34, 0.03), (0.33, 0.03), (0.33, 0.01), (0.71, 0.0), (0.38, 0.0)]
DCs : [0.91, 0.88, 0.71, 0.76, 0.66, 0.56, 0.71, 0.38]
IPSs : [(0.99, 0.0), (0.99, 0.01), (0.99, 0.01), (1.0, 0.0), (0.99, 0.0), (1.0, 0.0), (0.98, 0.0), (1.0, 0.0)]
SINGs : [(1.0, 0.0), (1.0, 0.0), (1.0, 0.0), (1.0, 0.0), (1.0, 0.0), (1.0, 0.0), (1.0, 0.0), (1.0, 0.0)]
IPCs : [(1.0, 0.0), (0.99, 0.0), (0.98, 0.01), (1.0, 0.01), (0.99, 0.0), (1.0, 0.0), (0.98, 0.0), (0.99, 0.0)]
patPCRs : [[0.33617021276595743, 0.33617021276595743, 0.3021276595744681, 0.30638297872340425, 0.40425531914893614], [0.3728813559322034, 0.5084745762711864], [0.4027777777777778, 0.3194444444444444, 0.3055555555555556], [0.3333333333333333, 0.3034188034188034, 0.37606837606837606], [0.3024390243902439, 0.35609756097560974], [0.34146341463414637, 0.3170731707317073], [0.7126436781609196], [0.375]]
patDCs : []
patIPSs : [[0.9961489088575096, 0.993581514762516, 0.9845956354300385, 0.9871630295250321, 0.9922978177150192], [0.9842931937172775, 0.9989528795811519], [0.9861995753715499, 0.9925690021231423, 1.0], [0.9910256410256411, 0.9987179487179487, 1.0], [0.9888751545117429, 0.9851668726823238], [1.0, 1.0], [0.9848975188781014], [0.9979296066252588]]
patSINGs : [[1.0, 1.0, 1.0, 1.0, 1.0], [1.0, 1.0], [1.0, 1.0, 1.0], [1.0, 1.0, 1.0], [1.0, 1.0], [1.0, 1.0], [1.0], [1.0]]
patIPCs : [[0.9993894993894994, 0.9972989070550046, 0.9950296316149975, 0.9942670989384508, 0.9987789987789988], [0.9894729038475795, 0.9993894993894994], [0.9681673071218481, 0.9832626354985267, 1.0], [0.9873983739837399, 0.9993920972644377, 1.0], [0.9919471490964459, 0.9926739926739927], [1.0, 1.0], [0.9832752613240417], [0.9930313588850174]]
Optional results : []
