baseAlgorithms : ['Kmeans']
repeatBPgen : 1
maxClustSize : 1014
Coverage : 70
patType : pat
V : 90
clustPatDF.shape : (87, 90)
Kmin : 8
Kmax : 8
minAppar : 0
maxAppar : 2
Discriminativeness : 50
nbMaxMoreThan1 : 200
nbMaxLessThan1 : 200
nbMaxDiffThan1 : 400
idObj : 9

--- RESULTS ---

times : [0.0, 0.0, 1.69, 3.74, 91.22]
allClust : [[4, 5, 8, 15, 25, 27, 30, 31, 33, 37, 44, 48, 52, 62, 64, 65, 67, 74, 89, 95, 127, 138, 143, 145, 148, 149, 183, 206, 213, 220, 227, 231, 241, 244, 250, 253, 255, 256, 263, 276, 288, 292, 294, 313, 321, 327, 334, 344, 366, 367, 369, 390, 395, 396, 408, 412, 413, 423, 429, 448, 450, 466, 467, 474, 484, 493, 510, 511, 516, 522, 528, 538, 544, 562, 566, 569, 572, 580, 600, 601, 605, 609, 611, 624, 627, 631, 635, 638, 643, 651, 667, 668, 669, 675, 680, 695, 708, 711, 713, 715, 722, 724, 743, 744, 746, 754, 760, 762, 783, 796, 802, 805, 823, 837, 842, 854, 865, 883, 914, 937, 946, 954, 960, 968], [0, 13, 18, 40, 50, 77, 87, 106, 134, 136, 144, 157, 166, 175, 180, 195, 204, 219, 225, 233, 260, 261, 262, 279, 283, 290, 295, 301, 303, 310, 316, 317, 320, 322, 331, 335, 349, 350, 364, 371, 397, 422, 424, 426, 431, 434, 487, 495, 496, 504, 535, 536, 541, 547, 564, 567, 574, 623, 656, 670, 682, 684, 694, 728, 734, 739, 742, 752, 770, 780, 781, 793, 795, 800, 803, 818, 826, 839, 844, 848, 849, 875, 878, 891, 892, 900, 906, 920, 926, 929, 938, 947, 973, 980, 987, 995, 1008], [1, 12, 16, 17, 19, 43, 45, 55, 79, 88, 96, 98, 108, 112, 122, 139, 160, 173, 174, 186, 188, 189, 191, 193, 197, 199, 200, 208, 211, 215, 216, 221, 238, 242, 252, 258, 269, 284, 285, 304, 311, 318, 319, 323, 333, 357, 363, 370, 375, 392, 403, 414, 428, 435, 438, 449, 468, 476, 480, 483, 489, 499, 500, 524, 525, 539, 542, 549, 553, 557, 568, 573, 584, 586, 587, 591, 597, 616, 647, 648, 681, 693, 707, 720, 731, 737, 755, 758, 759, 789, 790, 806, 822, 824, 841, 859, 861, 866, 876, 877, 895, 897, 898, 901, 903, 908, 912, 915, 916, 939, 940, 945, 958, 967, 981, 994, 1007], [14, 20, 21, 24, 29, 47, 61, 63, 70, 80, 82, 83, 99, 107, 124, 130, 131, 132, 137, 153, 158, 165, 167, 187, 192, 205, 207, 214, 218, 222, 226, 228, 229, 254, 264, 265, 273, 274, 281, 282, 299, 307, 326, 330, 341, 343, 345, 354, 355, 358, 368, 383, 384, 400, 406, 410, 425, 437, 444, 445, 446, 458, 459, 471, 472, 473, 478, 488, 507, 517, 520, 526, 545, 550, 551, 554, 559, 561, 570, 571, 576, 583, 590, 592, 598, 607, 615, 628, 632, 636, 640, 644, 645, 672, 697, 699, 703, 706, 716, 725, 727, 738, 757, 767, 785, 791, 809, 812, 821, 829, 831, 832, 838, 843, 845, 846, 873, 879, 899, 918, 925, 930, 931, 934, 957, 961, 963, 965, 974, 985, 990, 993, 1003, 1004, 1005, 1012, 1013], [10, 38, 71, 91, 103, 110, 118, 129, 133, 152, 181, 194, 210, 232, 236, 249, 286, 337, 348, 352, 373, 380, 386, 399, 407, 409, 411, 420, 430, 442, 463, 475, 521, 534, 548, 556, 606, 655, 657, 659, 661, 665, 685, 696, 726, 749, 763, 765, 773, 799, 808, 815, 828, 853, 882, 887, 893, 919, 923, 942, 951, 992], [2, 3, 7, 9, 32, 39, 42, 46, 54, 56, 58, 68, 69, 73, 76, 85, 93, 100, 109, 111, 115, 128, 142, 147, 159, 164, 169, 171, 198, 202, 245, 259, 266, 267, 270, 280, 287, 300, 306, 312, 336, 339, 340, 346, 351, 362, 365, 372, 381, 401, 427, 433, 441, 452, 453, 454, 457, 465, 481, 482, 485, 501, 518, 523, 537, 543, 546, 552, 558, 560, 563, 575, 577, 604, 613, 614, 617, 629, 637, 639, 662, 664, 671, 673, 677, 679, 690, 698, 712, 733, 736, 740, 747, 751, 772, 797, 798, 801, 817, 820, 825, 827, 850, 852, 857, 864, 874, 885, 886, 904, 927, 932, 933, 935, 941, 962, 972, 976, 978, 984, 988, 996, 997, 998, 1010], [6, 11, 36, 49, 66, 75, 78, 81, 92, 94, 104, 114, 117, 119, 120, 121, 123, 140, 155, 156, 161, 162, 178, 179, 184, 185, 209, 217, 223, 224, 234, 235, 237, 239, 240, 275, 278, 297, 302, 305, 309, 315, 328, 329, 332, 374, 376, 379, 391, 393, 398, 415, 416, 417, 419, 421, 439, 451, 462, 470, 477, 486, 490, 502, 509, 531, 555, 581, 585, 589, 603, 608, 612, 619, 620, 621, 642, 654, 674, 678, 683, 687, 709, 719, 735, 741, 748, 753, 756, 761, 771, 775, 778, 782, 786, 804, 807, 810, 816, 833, 835, 836, 847, 855, 870, 871, 872, 881, 884, 896, 905, 909, 910, 917, 922, 924, 948, 950, 952, 956, 959, 970, 986, 1000, 1006, 1011], [22, 41, 60, 125, 126, 135, 141, 154, 172, 190, 243, 268, 272, 314, 325, 356, 402, 418, 443, 447, 460, 464, 469, 503, 506, 512, 527, 533, 540, 565, 582, 596, 602, 610, 626, 630, 633, 641, 646, 666, 689, 700, 729, 766, 774, 776, 787, 813, 862, 889, 902, 907, 921, 944, 955, 975, 977, 1002, 1009]]
allClustLen : [124, 97, 117, 137, 62, 125, 126, 59]
descrNames : [[['709a3600dc12d686d1c8f691a0af1e19', 'HasIfElif', 'NbReturns<=1.0', 'NbTokens>75.0', 'NbLines>10.0', 'NbParams<=1.0'], ['HasIf', '709a3600dc12d686d1c8f691a0af1e19', 'InstDepth<=3.0', 'NbReturns<=1.0', 'NbTokens>75.0', 'NbLines>10.0', 'NbVars<=2.0', 'NbParams<=1.0']], [['HasIf', 'InstDepth<=3.0', 'NbReturns<=1.0', 'NbLines>10.0', 'NbVars>2.0', 'NbParams>1.0'], ['f918da384abe3dbfb19a02f888cbf3b1', 'HasWhileLoop', 'HasIfInLoop', 'NbReturns<=1.0', 'NbLines>10.0', 'NbVars>2.0', 'NbParams>1.0'], ['f918da384abe3dbfb19a02f888cbf3b1', 'HasWhileLoop', 'InstDepth<=3.0', 'HasIfInLoop', 'NbReturns<=1.0', 'NbVars>2.0', 'NbParams>1.0'], ['f918da384abe3dbfb19a02f888cbf3b1', 'HasWhileLoop', 'InstDepth<=3.0', 'HasIfInLoop', 'NbReturns<=1.0', 'NbLines>10.0', 'NbParams>1.0']], [['HasIfInLoop', 'NbTokens<=75.0']], [['HasWhileLoop', '392e69c90b63b832ef1b1489027c9c7f', 'HasIfInLoop', 'NbReturns<=1.0', 'NbParams>1.0']], [['HasIfElifElse', 'NbParams>1.0']], [['InstDepth<=3.0', 'NbReturns<=1.0', 'NbTokens<=75.0', 'NbLines<=10.0', 'NbVars<=2.0', 'HasLoop'], ['0c9aa2cd6791f3c44ce75bb46fb0b625', 'InstDepth<=3.0', 'NbReturns<=1.0', 'NbLines<=10.0', 'NbVars<=2.0', 'NbParams<=1.0', 'HasLoop', 'HasForLoop'], ['0c9aa2cd6791f3c44ce75bb46fb0b625', 'InstDepth<=3.0', 'NbReturns<=1.0', 'NbTokens<=75.0', 'NbLines<=10.0', 'NbParams<=1.0', 'HasLoop', 'HasForLoop']], [['HasIf', '3355182ef981952e841618c19103ef09', 'InstDepth<=3.0', 'NbTokens>75.0', 'NbParams>1.0']], [['InstDepth<=3.0', 'HasIfInLoop', 'NbReturns<=1.0', 'NbLines<=10.0', 'NbVars<=2.0', 'HasForLoop'], ['InstDepth<=3.0', 'HasIfInLoop', 'NbReturns<=1.0', 'NbLines<=10.0', 'userdId_23', 'HasForLoop']]]
descrPatIds : [[33, 27], [51, 52, 53, 54], [57], [58], [59], [61, 62, 63], [64], [40, 41]]
descrTagsIds : [['[65, 2, 67, 75, 81, 57, 60]', '[65, 2, 69, 75, 81, 57, 58, 60]'], ['[65, 69, 75, 57, 59, 61]', '[0, 64, 65, 73, 75, 57, 59, 61, 62]', '[0, 64, 65, 69, 73, 75, 59, 61, 62]', '[0, 64, 65, 69, 73, 75, 57, 61, 62]'], ['[73, 65, 80, 62]'], ['[64, 65, 6, 73, 75, 61, 62]'], ['[65, 66, 67, 68, 61]'], ['[69, 75, 80, 56, 58, 62]', '[1, 69, 75, 56, 58, 60, 62, 63]', '[1, 69, 75, 80, 56, 60, 62, 63]'], ['[65, 3, 69, 81, 61]'], ['[65, 69, 73, 75, 56, 58, 62, 63]', '[65, 69, 73, 75, 56, 25, 62, 63]']]
nbNotAttrib : 167
nbMultiAttrib : 0
nbOfClusterForEachInstance : [1 1 1 ... 1 1 1]
---- : ----
PCRs : [(0.75, 0.04), (0.72, 0.04), (0.77, 0.0), (0.72, 0.0), (0.71, 0.0), (0.74, 0.03), (0.75, 0.0), (0.8, 0.05)]
DCs : [0.9, 0.85, 0.77, 0.72, 0.71, 0.83, 0.75, 0.92]
IPSs : [(0.98, 0.01), (0.97, 0.01), (0.74, 0.0), (1.0, 0.0), (0.83, 0.0), (0.95, 0.07), (0.98, 0.0), (0.98, 0.01)]
SINGs : [(1.0, 0.0), (1.0, 0.0), (1.0, 0.0), (1.0, 0.0), (1.0, 0.0), (1.0, 0.0), (1.0, 0.0), (1.0, 0.0)]
IPCs : [(0.99, 0.0), (0.97, 0.01), (0.8, 0.0), (1.0, 0.0), (0.84, 0.0), (0.96, 0.05), (0.98, 0.0), (0.99, 0.01)]
patPCRs : [[0.7096774193548387, 0.782258064516129], [0.7010309278350515, 0.7835051546391752, 0.7010309278350515, 0.7010309278350515], [0.7692307692307693], [0.7153284671532847], [0.7096774193548387], [0.704, 0.728, 0.776], [0.746031746031746], [0.847457627118644, 0.7457627118644068]]
patDCs : []
patIPSs : [[0.9887640449438202, 0.9719101123595506], [0.95092693565976, 0.9694656488549618, 0.9792802617230099, 0.9792802617230099], [0.7402452619843924], [0.9954389965792474], [0.828781512605042], [0.8402699662542182, 0.9977502812148481, 0.9977502812148481], [0.9819819819819819], [0.9696335078534032, 0.9989528795811519]]
patSINGs : [[1.0, 1.0], [1.0, 1.0, 1.0, 1.0], [1.0], [1.0], [1.0], [1.0, 1.0, 1.0], [1.0], [1.0, 1.0]]
patIPCs : [[0.9886621315192744, 0.9897959183673469], [0.9477504777692474, 0.9666812473819774, 0.976957264957265, 0.976957264957265], [0.8037720640315028], [0.9952032094889238], [0.8433374489309087], [0.8903663908075065, 0.9977324263038548, 0.9977324263038548], [0.9775706209321108], [0.9724824674171394, 0.9988662131519275]]
Optional results : []
