baseAlgorithms : ['Kmeans']
repeatBPgen : 1
maxClustSize : 1014
Coverage : 50
patType : pat
V : 97
clustPatDF.shape : (132, 97)
Kmin : 8
Kmax : 8
minAppar : 0
maxAppar : 2
Discriminativeness : 10
nbMaxMoreThan1 : 200
nbMaxLessThan1 : 200
nbMaxDiffThan1 : 400
idObj : 9

--- RESULTS ---

times : [0.0, 0.0, 3.49, 4.21, 108.63]
allClust : [[4, 5, 8, 15, 25, 27, 30, 31, 33, 35, 37, 44, 48, 52, 53, 62, 64, 65, 67, 74, 84, 89, 94, 95, 102, 127, 138, 143, 145, 148, 149, 163, 176, 183, 196, 206, 213, 220, 227, 230, 231, 241, 244, 247, 248, 250, 253, 255, 256, 263, 272, 276, 288, 289, 292, 294, 313, 321, 324, 327, 334, 344, 366, 367, 369, 390, 395, 396, 405, 408, 412, 413, 423, 429, 448, 450, 466, 467, 474, 484, 491, 493, 498, 510, 511, 515, 516, 522, 528, 538, 544, 562, 566, 569, 572, 580, 593, 600, 601, 605, 609, 611, 622, 624, 627, 631, 634, 635, 638, 643, 650, 651, 667, 668, 669, 675, 680, 688, 692, 695, 701, 702, 704, 705, 708, 710, 711, 713, 714, 715, 717, 722, 724, 743, 744, 746, 750, 754, 760, 762, 783, 796, 802, 805, 814, 823, 837, 842, 851, 854, 855, 858, 865, 868, 880, 883, 910, 914, 937, 946, 949, 954, 960, 968, 971], [20, 21, 23, 24, 26, 28, 29, 34, 47, 51, 57, 59, 61, 63, 70, 72, 80, 82, 83, 86, 90, 99, 101, 105, 107, 113, 116, 124, 130, 131, 132, 135, 137, 146, 150, 151, 153, 158, 165, 167, 168, 177, 182, 187, 192, 201, 205, 207, 212, 214, 218, 222, 226, 228, 246, 251, 257, 264, 265, 271, 273, 274, 277, 282, 291, 296, 298, 299, 307, 308, 326, 330, 338, 342, 343, 345, 347, 355, 358, 359, 360, 361, 377, 378, 382, 383, 384, 385, 387, 388, 389, 394, 400, 404, 406, 410, 425, 444, 445, 446, 455, 456, 458, 459, 461, 471, 472, 473, 478, 488, 492, 494, 497, 505, 507, 508, 513, 514, 519, 523, 526, 529, 530, 532, 545, 546, 550, 551, 554, 559, 561, 570, 578, 579, 583, 588, 590, 592, 594, 595, 598, 599, 604, 607, 615, 618, 625, 628, 636, 640, 644, 645, 649, 652, 653, 658, 660, 662, 672, 676, 677, 686, 691, 697, 699, 703, 706, 716, 721, 723, 725, 727, 730, 732, 738, 745, 764, 767, 768, 769, 784, 785, 788, 791, 794, 809, 811, 812, 821, 829, 830, 831, 832, 834, 840, 843, 845, 846, 856, 863, 867, 873, 879, 888, 890, 894, 899, 911, 913, 918, 925, 930, 931, 943, 953, 957, 961, 963, 964, 965, 966, 969, 974, 979, 982, 985, 989, 990, 991, 993, 1001, 1003, 1005, 1012, 1013], [10, 38, 71, 91, 103, 110, 118, 129, 133, 152, 181, 194, 223, 232, 236, 249, 286, 337, 348, 352, 373, 386, 399, 407, 409, 411, 420, 430, 442, 463, 475, 486, 521, 534, 548, 556, 606, 655, 659, 661, 665, 685, 696, 726, 749, 763, 765, 773, 799, 808, 815, 828, 853, 882, 887, 893, 919, 923, 942, 951, 992], [0, 13, 18, 40, 50, 77, 87, 106, 134, 136, 144, 157, 166, 175, 180, 195, 204, 219, 225, 233, 260, 261, 262, 279, 283, 290, 295, 301, 303, 310, 316, 317, 320, 322, 331, 335, 349, 350, 364, 371, 397, 422, 424, 426, 431, 434, 487, 495, 496, 504, 535, 536, 541, 547, 564, 567, 574, 623, 656, 670, 682, 684, 694, 728, 734, 739, 742, 752, 770, 780, 781, 793, 795, 800, 803, 818, 826, 839, 844, 848, 849, 875, 878, 891, 892, 900, 906, 920, 926, 929, 938, 947, 973, 980, 987, 995, 1008], [22, 41, 60, 125, 126, 135, 141, 154, 172, 190, 243, 268, 272, 314, 325, 356, 402, 418, 443, 447, 460, 464, 469, 503, 506, 512, 527, 533, 540, 565, 582, 596, 602, 610, 626, 630, 633, 641, 646, 666, 689, 700, 729, 766, 774, 776, 787, 813, 862, 889, 902, 907, 921, 944, 955, 975, 977, 1002, 1009], [2, 3, 7, 9, 32, 39, 42, 46, 54, 56, 58, 68, 69, 73, 76, 85, 93, 100, 109, 111, 115, 128, 142, 147, 159, 164, 169, 171, 198, 202, 245, 259, 266, 267, 270, 280, 287, 300, 306, 312, 336, 339, 340, 346, 351, 362, 365, 372, 381, 401, 427, 433, 441, 452, 453, 454, 457, 465, 481, 482, 485, 501, 518, 523, 537, 543, 546, 552, 558, 560, 563, 575, 577, 604, 613, 614, 617, 629, 637, 639, 662, 664, 671, 673, 677, 679, 690, 698, 712, 733, 736, 740, 747, 751, 772, 797, 798, 801, 817, 820, 825, 827, 850, 852, 857, 864, 874, 885, 886, 904, 927, 932, 933, 935, 941, 962, 972, 976, 978, 984, 988, 996, 997, 998, 1010], [6, 11, 36, 49, 66, 75, 78, 81, 92, 94, 104, 114, 117, 119, 120, 121, 123, 140, 155, 156, 161, 162, 178, 179, 184, 185, 209, 217, 223, 224, 234, 235, 237, 239, 240, 275, 278, 297, 302, 305, 309, 315, 328, 329, 332, 374, 376, 379, 391, 393, 398, 415, 416, 417, 419, 421, 439, 451, 462, 470, 477, 486, 490, 502, 509, 531, 555, 581, 585, 589, 603, 608, 612, 619, 620, 621, 642, 654, 674, 678, 683, 687, 709, 719, 735, 741, 748, 753, 756, 761, 771, 775, 778, 782, 786, 804, 807, 810, 816, 833, 835, 836, 847, 855, 870, 871, 872, 881, 884, 896, 905, 909, 910, 917, 922, 924, 948, 950, 952, 956, 959, 970, 986, 1000, 1006, 1011], [16, 17, 19, 43, 79, 96, 98, 108, 112, 122, 160, 173, 174, 175, 186, 193, 195, 197, 199, 200, 211, 215, 221, 238, 242, 252, 258, 269, 284, 285, 304, 311, 318, 319, 323, 357, 363, 368, 414, 428, 435, 438, 468, 476, 480, 483, 489, 500, 524, 542, 553, 557, 568, 573, 584, 586, 587, 597, 616, 648, 681, 707, 720, 737, 758, 759, 790, 822, 841, 861, 866, 877, 895, 898, 908, 912, 915, 916, 939, 945, 958, 967, 981, 1007]]
allClustLen : [165, 235, 61, 97, 59, 125, 126, 84]
descrNames : [[['HasIf', '709a3600dc12d686d1c8f691a0af1e19', 'InstDepth<=3.0', 'NbReturns<=1.0', 'NbTokens>75.0', 'NbLines>10.0', 'NbVars<=2.0', 'NbParams<=1.0'], ['709a3600dc12d686d1c8f691a0af1e19', 'HasIfElif', 'InstDepth<=3.0', 'NbReturns<=1.0', 'NbTokens>75.0', 'NbLines>10.0', 'NbParams<=1.0']], [['8c67b76032d571a8d7eca8796ed11752', 'NbReturns<=1.0', 'NbTokens<=75.0', 'NbLines<=10.0', 'NbParams<=1.0', 'HasLoop'], ['HasWhileLoop', 'InstDepth<=3.0', 'HasIfInLoop', 'NbReturns<=1.0', 'NbVars<=2.0'], ['HasWhileLoop', 'InstDepth<=3.0', 'HasIfInLoop', 'NbReturns<=1.0', 'NbLines<=10.0']], [['HasIf', '4c3cff428b26be2b1464a3c9ee78c7cf', 'InstDepth<=3.0', 'NbReturns<=1.0', 'NbTokens<=75.0', 'NbLines<=10.0', 'NbParams>1.0'], ['HasIf', '4c3cff428b26be2b1464a3c9ee78c7cf', 'InstDepth<=3.0', 'NbTokens<=75.0', 'NbLines<=10.0', 'NbVars<=2.0', 'NbParams>1.0'], ['4c3cff428b26be2b1464a3c9ee78c7cf', 'HasIfElifElse', 'InstDepth<=3.0', 'NbVars<=2.0', 'NbParams>1.0']], [['f918da384abe3dbfb19a02f888cbf3b1', 'HasWhileLoop', 'InstDepth<=3.0', 'HasIfInLoop', 'NbReturns<=1.0', 'NbLines>10.0', 'NbVars>2.0', 'NbParams>1.0']], [['4c3cff428b26be2b1464a3c9ee78c7cf', 'InstDepth<=3.0', 'HasIfInLoop', 'NbReturns<=1.0', 'NbTokens>75.0', 'NbLines<=10.0', 'userdId_23', 'NbVars<=2.0', 'NbParams>1.0', 'HasForLoop']], [['0c9aa2cd6791f3c44ce75bb46fb0b625', 'HasIf', 'InstDepth<=3.0', 'NbReturns<=1.0', 'NbTokens<=75.0', 'NbLines<=10.0', 'NbParams<=1.0', 'HasLoop', 'HasForLoop'], ['0c9aa2cd6791f3c44ce75bb46fb0b625', 'InstDepth<=3.0', 'NbReturns<=1.0', 'NbTokens<=75.0', 'NbLines<=10.0', 'NbVars<=2.0', 'NbParams<=1.0', 'HasLoop', 'HasForLoop']], [['HasIfElif', '3355182ef981952e841618c19103ef09', 'InstDepth<=3.0', 'NbTokens>75.0', 'NbParams>1.0']], [['582dcbc047b264a41a011f56f86574ba', 'InstDepth>3.0', 'HasIfInLoop', 'NbReturns<=1.0', 'NbTokens<=75.0', 'NbLines<=10.0', 'NbVars<=2.0', 'NbParams<=1.0', 'HasForLoop']]]
descrPatIds : [[2, 5], [70, 21, 20], [91, 71, 72], [102], [77], [107, 108], [60], [130]]
descrTagsIds : [['[65, 2, 69, 75, 81, 57, 58, 60]', '[65, 2, 67, 69, 75, 81, 57, 60]'], ['[7, 75, 80, 56, 60, 62]', '[64, 65, 69, 73, 75, 58, 62]', '[64, 65, 69, 73, 75, 56, 62]'], ['[65, 4, 69, 75, 80, 56, 61]', '[65, 4, 69, 80, 56, 58, 61]', '[65, 66, 67, 4, 68, 69, 58, 61]'], ['[0, 64, 65, 69, 73, 75, 57, 59, 61, 62]'], ['[65, 4, 69, 73, 75, 81, 56, 25, 58, 61, 62, 63]'], ['[1, 65, 69, 75, 80, 56, 60, 62, 63]', '[1, 69, 75, 80, 56, 58, 60, 62, 63]'], ['[65, 67, 3, 69, 81, 61]'], ['[65, 5, 70, 73, 75, 80, 56, 58, 60, 62, 63]']]
nbNotAttrib : 76
nbMultiAttrib : 14
nbOfClusterForEachInstance : [1 0 1 ... 1 1 1]
---- : ----
PCRs : [(0.55, 0.05), (0.53, 0.03), (0.58, 0.06), (0.68, 0.0), (0.51, 0.0), (0.6, 0.08), (0.56, 0.0), (0.63, 0.0)]
DCs : [0.67, 0.84, 0.9, 0.68, 0.51, 0.75, 0.56, 0.63]
IPSs : [(0.98, 0.01), (0.98, 0.0), (0.98, 0.0), (0.98, 0.0), (1.0, 0.0), (1.0, 0.0), (0.98, 0.0), (1.0, 0.0)]
SINGs : [(1.0, 0.0), (1.0, 0.0), (1.0, 0.0), (1.0, 0.0), (1.0, 0.0), (1.0, 0.0), (1.0, 0.0), (1.0, 0.0)]
IPCs : [(0.99, 0.0), (0.98, 0.0), (0.98, 0.0), (1.0, 0.0), (1.0, 0.0), (1.0, 0.0), (0.99, 0.0), (1.0, 0.0)]
patPCRs : [[0.6, 0.509090909090909], [0.5106382978723404, 0.5702127659574469, 0.5191489361702127], [0.5081967213114754, 0.6557377049180327, 0.5901639344262295], [0.6804123711340206], [0.5084745762711864], [0.52, 0.688], [0.5634920634920635], [0.6309523809523809]]
patDCs : []
patIPSs : [[0.9729093050647821, 0.9882214369846879], [0.9717586649550706, 0.9768934531450577, 0.9768934531450577], [0.9832109129066107, 0.9863588667366212, 0.9769150052465897], [0.9792802617230099], [0.9989528795811519], [0.9977502812148481, 0.9977502812148481], [0.9842342342342343], [0.9989247311827957]]
patSINGs : [[1.0, 1.0], [1.0, 1.0, 1.0], [1.0, 1.0, 1.0], [1.0], [1.0], [1.0, 1.0], [1.0], [1.0]]
patIPCs : [[0.9897959183673469, 0.9886621315192744], [0.9784671053411225, 0.980602286275335, 0.9836646796175516], [0.9807909604519774, 0.9825225621835791, 0.974638463500449], [0.9977142857142857], [0.9988662131519275], [0.9977324263038548, 0.9977324263038548], [0.9874285714285714], [0.9975786924939467]]
Optional results : []
