baseAlgorithms : ['Kmeans']
repeatBPgen : 1
maxClustSize : 1014
Coverage : 70
patType : tag
V : 99
clustPatDF.shape : (31, 99)
Kmin : 8
Kmax : 8
minAppar : 0
maxAppar : 2
Discriminativeness : 30
nbMaxMoreThan1 : 200
nbMaxLessThan1 : 200
nbMaxDiffThan1 : 400
idObj : 9

--- RESULTS ---

times : [0.0, 0.0, 0.15, 1.29, 295.36]
allClust : [[4, 5, 8, 15, 25, 27, 30, 31, 33, 37, 44, 48, 52, 62, 64, 65, 67, 74, 89, 95, 127, 138, 143, 145, 148, 149, 183, 206, 213, 220, 227, 231, 241, 244, 250, 253, 255, 256, 263, 276, 288, 292, 294, 313, 321, 327, 334, 344, 366, 367, 369, 390, 395, 396, 408, 412, 413, 423, 429, 448, 450, 466, 467, 474, 484, 493, 510, 511, 516, 522, 528, 538, 544, 562, 566, 569, 572, 580, 600, 601, 605, 609, 611, 624, 627, 631, 635, 638, 643, 651, 667, 668, 669, 675, 680, 695, 708, 711, 713, 715, 722, 724, 743, 744, 746, 754, 760, 762, 783, 796, 802, 805, 823, 837, 842, 854, 865, 883, 914, 937, 946, 954, 960, 968], [0, 13, 18, 40, 50, 77, 87, 106, 134, 136, 144, 157, 166, 175, 180, 195, 204, 219, 225, 233, 260, 261, 262, 279, 283, 290, 295, 301, 303, 310, 316, 317, 320, 322, 331, 335, 349, 350, 364, 371, 397, 422, 424, 426, 431, 434, 487, 495, 496, 504, 535, 536, 541, 547, 564, 567, 574, 623, 656, 670, 682, 684, 694, 728, 734, 739, 742, 752, 770, 780, 781, 793, 795, 800, 803, 818, 826, 839, 844, 848, 849, 875, 878, 891, 892, 900, 906, 920, 926, 929, 938, 947, 973, 980, 987, 995, 1008], [10, 38, 71, 91, 103, 110, 118, 129, 133, 152, 181, 194, 210, 232, 236, 249, 286, 337, 348, 352, 373, 380, 386, 399, 407, 409, 411, 420, 430, 442, 463, 475, 521, 534, 548, 556, 606, 655, 657, 659, 661, 665, 685, 696, 726, 749, 763, 765, 773, 799, 808, 815, 828, 853, 882, 887, 893, 919, 923, 942, 951, 992], [2, 3, 7, 9, 32, 39, 42, 46, 54, 56, 58, 68, 69, 73, 76, 85, 93, 100, 109, 111, 115, 128, 142, 147, 159, 164, 169, 171, 198, 202, 245, 259, 266, 267, 270, 280, 287, 300, 306, 312, 336, 339, 340, 346, 351, 362, 365, 372, 381, 401, 427, 433, 441, 452, 453, 454, 457, 465, 481, 482, 485, 501, 518, 523, 537, 543, 546, 552, 558, 560, 563, 575, 577, 604, 613, 614, 617, 629, 637, 639, 662, 664, 671, 673, 677, 679, 690, 698, 712, 733, 736, 740, 747, 751, 772, 797, 798, 801, 817, 820, 825, 827, 850, 852, 857, 864, 874, 885, 886, 904, 927, 932, 933, 935, 941, 962, 972, 976, 978, 984, 988, 996, 997, 998, 1010], [6, 11, 36, 49, 66, 75, 78, 81, 92, 94, 104, 114, 117, 119, 120, 121, 123, 140, 155, 156, 161, 162, 178, 179, 184, 185, 209, 217, 223, 224, 234, 235, 237, 239, 240, 275, 278, 297, 302, 305, 309, 315, 328, 329, 332, 374, 376, 379, 391, 393, 398, 415, 416, 417, 419, 421, 439, 451, 462, 470, 477, 486, 490, 502, 509, 531, 555, 581, 585, 589, 603, 608, 612, 619, 620, 621, 642, 654, 674, 678, 683, 687, 709, 719, 735, 741, 748, 753, 756, 761, 771, 775, 778, 782, 786, 804, 807, 810, 816, 833, 835, 836, 847, 855, 870, 871, 872, 881, 884, 896, 905, 909, 910, 917, 922, 924, 948, 950, 952, 956, 959, 970, 986, 1000, 1006, 1011], [14, 20, 21, 24, 29, 47, 61, 63, 70, 80, 82, 83, 99, 107, 124, 130, 131, 132, 137, 153, 157, 158, 165, 167, 187, 192, 205, 207, 214, 218, 222, 226, 228, 229, 254, 264, 265, 273, 274, 281, 282, 299, 303, 307, 326, 330, 341, 343, 345, 354, 355, 358, 383, 384, 400, 406, 410, 425, 437, 444, 445, 446, 458, 459, 471, 472, 473, 478, 488, 507, 517, 520, 526, 545, 550, 551, 554, 559, 561, 570, 571, 576, 583, 590, 592, 595, 598, 607, 615, 628, 632, 636, 640, 644, 645, 672, 697, 699, 703, 706, 716, 725, 727, 738, 757, 767, 785, 791, 795, 809, 812, 821, 829, 831, 832, 838, 843, 845, 846, 849, 873, 879, 899, 918, 925, 930, 931, 934, 957, 961, 963, 965, 974, 985, 990, 993, 1003, 1004, 1005, 1012, 1013], [23, 26, 28, 34, 51, 57, 59, 72, 86, 90, 101, 105, 113, 116, 146, 150, 151, 168, 177, 182, 201, 212, 246, 251, 257, 271, 277, 291, 296, 298, 308, 338, 342, 347, 359, 360, 361, 377, 378, 382, 385, 387, 388, 389, 394, 404, 455, 456, 461, 492, 494, 497, 505, 508, 513, 514, 519, 529, 530, 532, 578, 579, 588, 594, 599, 618, 625, 649, 652, 653, 658, 660, 676, 686, 691, 721, 723, 730, 732, 745, 764, 768, 769, 784, 788, 794, 811, 830, 834, 840, 856, 863, 867, 888, 890, 894, 911, 913, 943, 953, 964, 966, 969, 979, 982, 989, 991, 1001], [16, 17, 19, 43, 79, 96, 98, 108, 112, 122, 160, 173, 174, 175, 186, 193, 195, 197, 199, 200, 211, 215, 221, 238, 242, 252, 258, 269, 284, 285, 304, 311, 318, 319, 323, 357, 363, 368, 414, 428, 435, 438, 468, 476, 480, 483, 489, 500, 524, 542, 553, 557, 568, 573, 584, 586, 587, 597, 616, 648, 681, 707, 720, 737, 758, 759, 790, 822, 841, 861, 866, 877, 895, 898, 908, 912, 915, 916, 939, 945, 958, 967, 981, 1007]]
allClustLen : [124, 97, 62, 125, 126, 141, 108, 84]
descrNames : [[['709a3600dc12d686d1c8f691a0af1e19']], [['f918da384abe3dbfb19a02f888cbf3b1']], [['4c3cff428b26be2b1464a3c9ee78c7cf']], [['0c9aa2cd6791f3c44ce75bb46fb0b625']], [['3355182ef981952e841618c19103ef09']], [['392e69c90b63b832ef1b1489027c9c7f']], [['8c67b76032d571a8d7eca8796ed11752']], [['582dcbc047b264a41a011f56f86574ba'], ['InstDepth>3.0']]]
descrPatIds : [[0], [22], [16], [24], [25], [20], [21], [29, 30]]
descrTagsIds : [['[2]'], ['[0]'], ['[4]'], ['[1]'], ['[3]'], ['[6]'], ['[7]'], ['[5]', '[70]']]
nbNotAttrib : 153
nbMultiAttrib : 6
nbOfClusterForEachInstance : [1 0 1 ... 1 1 1]
---- : ----
PCRs : [(0.96, 0.0), (0.86, 0.0), (0.94, 0.0), (0.86, 0.0), (0.78, 0.0), (0.71, 0.0), (1.0, 0.0), (0.8, 0.07)]
DCs : [0.96, 0.86, 0.94, 0.86, 0.78, 0.71, 1.0, 0.87]
IPSs : [(0.95, 0.0), (0.95, 0.0), (0.91, 0.0), (0.99, 0.0), (0.98, 0.0), (0.99, 0.0), (0.96, 0.0), (0.94, 0.02)]
SINGs : [(1.0, 0.0), (1.0, 0.0), (1.0, 0.0), (1.0, 0.0), (1.0, 0.0), (1.0, 0.0), (1.0, 0.0), (1.0, 0.0)]
IPCs : [(0.97, 0.0), (0.98, 0.0), (0.99, 0.0), (0.99, 0.0), (0.97, 0.0), (0.99, 0.0), (0.96, 0.0), (0.96, 0.03)]
patPCRs : [[0.9596774193548387], [0.8556701030927835], [0.9354838709677419], [0.856], [0.7777777777777778], [0.7092198581560284], [1.0], [0.8690476190476191, 0.7261904761904762]]
patDCs : []
patIPSs : [[0.9539325842696629], [0.9541984732824428], [0.9149159663865546], [0.9943757030371203], [0.9786036036036037], [0.9942726231386025], [0.9580573951434879], [0.9602150537634409, 0.9139784946236559]]
patSINGs : [[1.0], [1.0], [1.0], [1.0], [1.0], [1.0], [1.0], [1.0, 1.0]]
patIPCs : [[0.9743696846436168], [0.9790610315048005], [0.9931058444883331], [0.9943310657596373], [0.9735842263742878], [0.9914600248701632], [0.9574381042904843], [0.9884895392682188, 0.9367884811447097]]
Optional results : []
